,Gender,Age,Left ear/Right ear,Days from onset to treatment(absolute),days from onset to treatment (categorized),Vertigo,Ear blockage,Tinnitus,Hypertension,Diabetes,Tinnitus history,Hearing loss history,White blood cells,Hemoglobin,Platelet,Fibrinogen,Cholesterol,Height,Weight,BMI,Mean hearing threshold (affected side),WHO classify (affected side),Curve type (affected side),Mean hearing threshold (contralateral),WHO classify (contralateral),Curve type (contralateral),loudness recruitment(affected side),ABR,DPOAE response,target
0,0.008835575126861088,0.08153721484340672,0.009909691192678961,0.09733016461587796,0.05335055546096571,0.008382378582291215,0.010162324132390751,0.007668391144061522,0.007157571596049353,0.005619962476978198,0.0018589990609789886,0.008672051065541095,0.06423696426589867,0.04872389112125215,0.0572507293738762,0.06330845791943265,0.07411135761949707,0.048678604457725226,0.05335149650802335,0.06896857877735538,0.06385868094211421,0.018473775914305463,0.028470282107255787,0.06003284686788087,0.01107732871074392,0.011279520079831594,0.009236864281217368,0.006140323134511075,0.012315418620997526,minor
1,0.0071310150525013384,0.08452403705665411,0.009071945204910474,0.09947799991542547,0.050725345585910846,0.011236857690149513,0.013450008071162867,0.009174881988337049,0.005625261738430886,0.004368233321954504,0.002656305153981106,0.007423004963966133,0.0607746693305236,0.052799051343379616,0.07052740594345087,0.06157201558086247,0.06918463603284257,0.04869537966937511,0.05514986346299214,0.06520420644391345,0.058885467559809064,0.016993729361162006,0.02251489153207733,0.058783015371331224,0.01332686470872895,0.009687447500783711,0.0071299702997509136,0.006124975909082587,0.017781514206549966,minor
2,0.008044139028611768,0.07348590428245497,0.008802842485576277,0.09658479237506884,0.04688222304757515,0.007130277530682086,0.007556397945307014,0.008423893913780076,0.004872731877320376,0.006557736993028109,0.0012051363292170138,0.014979558601446182,0.05647497836625946,0.05175932990119025,0.05791241211832632,0.07175877995172886,0.07236808382557487,0.052477608989449115,0.05927168486593884,0.0715935329315233,0.06736117625876524,0.01943158740076206,0.02562526042928135,0.05400745211842008,0.01564810912590723,0.007145191697376948,0.008635172437761558,0.007048754227151345,0.016955250944515308,minor
3,0.0070945903696748545,0.0728189213525876,0.008493223566411022,0.10050676562918745,0.05981454952959503,0.008195866155747326,0.011033423679408755,0.009814894635601083,0.00675025837402494,0.006695758103751266,0.0014848723132218384,0.004862457844662166,0.06404834850079791,0.053518980774401724,0.06538993684835481,0.056475391626468606,0.06921182605460416,0.04554625520703686,0.06207299320050072,0.0790522814541665,0.05614652626390557,0.017088357781127952,0.02514631036601757,0.05984292916885273,0.01358213338177171,0.008052669415116193,0.00848492569754368,0.005990177807280895,0.012784374898179036,minor
4,0.008057113800644394,0.0755771219963664,0.01173403047564825,0.09220197529657928,0.05049394043941935,0.009182788749529441,0.0091373722548916,0.006863779373284188,0.007570882619177934,0.008779096946474848,0.0029884438742241873,0.013347854839844131,0.06410593908247231,0.05278970729602662,0.06040991045868127,0.06251219334381511,0.08051072847316365,0.0525401305790754,0.05706332719413673,0.0636584549904104,0.06231474994213176,0.01804633012516789,0.02219740147523233,0.054862470544947674,0.012300578656902695,0.009589290648612442,0.009299907747600752,0.005815146611048003,0.016049332164491035,minor
5,0.012191462293961603,0.07326651415450053,0.008214716559622318,0.10853704421425071,0.06284528453958396,0.007313217335263108,0.008072912632977769,0.0037673282552913457,0.01071375362977824,0.006881808661391655,0.0014260640081875007,0.005314923441554295,0.0542421262706378,0.052360393481209425,0.06745940829196168,0.06940098374175925,0.06321601409589427,0.05306800310376903,0.058799931357843595,0.06683537377362105,0.06551727852989062,0.017091022628080915,0.019065089253194004,0.054289882267698805,0.011852761536122821,0.010690383044907138,0.008078267889078408,0.007099350382903691,0.012388700625064539,minor
6,0.0059303568260714035,0.08781391669392553,0.008636543227517418,0.11683521537450588,0.06305585195824262,0.009292257024208574,0.008436183144570881,0.006892194724120838,0.00790578612689268,0.007033454761906058,0.004949131556062692,0.006482358617383169,0.06216612509450548,0.04927008238756376,0.05575688200736554,0.06739631799695811,0.07614958746036475,0.05716148390994594,0.053003454642608513,0.05603895425341227,0.05654817534537829,0.013994065820938834,0.01815909273401165,0.05040813602577979,0.009065255625031628,0.007618755069080877,0.0063617318190165575,0.005816809623122678,0.02182184014950769,minor
7,0.008412370761477545,0.06910266578481239,0.009469378129281582,0.10005256636269964,0.0432992328700747,0.01078380208978865,0.011110946762331753,0.00555157596051446,0.008293322446047658,0.008372957407196093,0.003842835138323737,0.011968529662371278,0.06680365649049029,0.060981562353695465,0.08371866610334419,0.06419778162131638,0.07513041575936462,0.05405495346503112,0.05334940881991725,0.06115034265388206,0.05458887296358182,0.01565706402934479,0.020648085053998087,0.04971270379560881,0.010864413684825986,0.010224356204458458,0.008867729030717954,0.0071559321106671875,0.012633872484835893,minor
8,0.008801646084219855,0.07766343588565314,0.008523658647587404,0.10286513911431609,0.05010351594271413,0.008113288776679231,0.008553135457279544,0.006990455764016624,0.00661258257490761,0.005055659150456725,0.0031838844940957917,0.010757674213724687,0.05975410988861776,0.05537149222174246,0.0642053194538128,0.07997524398567529,0.07194846437049965,0.053123947271556796,0.05927299011318861,0.06805243463163035,0.049554917800934004,0.015061552926240146,0.022879271734319646,0.05149856814421809,0.009676421927719295,0.010724756974426842,0.007099153984400355,0.006062169658841041,0.018515108806526098,minor
9,0.007480494215663295,0.06910934567476042,0.007266442471403165,0.10229275734692835,0.0575629635198769,0.008466160792263738,0.011707755750119647,0.006026056536984167,0.00543177506158729,0.009553998471125912,0.0026472316978299526,0.014056843323284638,0.06254620374990498,0.04751671330889395,0.05279427248230749,0.06686444264680537,0.07410693955445637,0.05389796541138492,0.06387726379288207,0.06517620047712039,0.06993754861803338,0.01706734591327477,0.02160301598530773,0.05271380491514182,0.01311593169355468,0.008828441534039468,0.006828663765045733,0.008766507725009195,0.012756913565009976,minor
10,0.007287237592214017,0.07743712018064412,0.010512925439152054,0.0924200554652287,0.05385636638587597,0.01196752829818298,0.007804487529572373,0.005224655062315716,0.011115424368846133,0.006899002234549674,0.002424351197872494,0.009482683428154134,0.07246127613114968,0.05092568679540209,0.06328087808794966,0.06782192552641235,0.06775857840485028,0.054234000903741586,0.056799010908575184,0.05769598591458732,0.0600546117464196,0.01586342299374965,0.021417865013449576,0.05826877288219317,0.01242791556119487,0.011256619164254545,0.009750002899878332,0.007240187312700822,0.016311422570882875,minor
11,0.006927654880206311,0.07305642534723804,0.008794575031715015,0.0879235408918301,0.05320609141616779,0.011691092919923221,0.011369775662880085,0.007566919458393263,0.0075393797465136345,0.015087771176088888,0.0009449230115651481,0.006596546382674567,0.0613872266880329,0.05269176915997205,0.07376452215986369,0.06035223389854377,0.0659465665614116,0.049896818682078736,0.06084006570767758,0.06482459164010794,0.05859985818049818,0.015544853612962234,0.023023879254335057,0.06265612225160115,0.01900248059233409,0.010997856193922245,0.007715869154493664,0.007581752764406409,0.014468837572562622,minor
12,0.007645612727865674,0.07095666336140909,0.009340478046112472,0.11696410980018908,0.06239541314123496,0.006795193806414457,0.008419282785349,0.008752504844707593,0.015099163838471732,0.00675868069509331,0.0014197891852041654,0.0077548467778390485,0.05929224368528174,0.053145625012342164,0.060682397950366146,0.05891186481412872,0.0727227182938966,0.04731459291448312,0.05797144860080914,0.07379869882678887,0.05631523383289139,0.016408500559568377,0.019706893164360816,0.05180656146823746,0.01268051598597483,0.010203579635769264,0.007522957978886552,0.005320201672736704,0.013894226593587576,minor
13,0.006072744224043476,0.07713428540429669,0.008005441153095314,0.1010308038603632,0.05843563790909598,0.007136748332751756,0.010784625809298492,0.005374653169054829,0.006064522161127899,0.006277979203849953,0.0020029334320057464,0.015125339765926046,0.06090310020577009,0.046683089910879993,0.07068204672115327,0.0702243087183092,0.06500266745776395,0.050015030693964554,0.05556259075487161,0.050223127262203064,0.06188556719065932,0.01875639835625689,0.024780745649438083,0.0659639609511603,0.0180917547694924,0.01053821453276054,0.007328450945380407,0.00658927622986958,0.013323955225157497,minor
14,0.0057897455317186585,0.07622513227902539,0.007987958913960386,0.09319412717336255,0.05574220503175505,0.010362740450235244,0.013219978946332955,0.006684485962702116,0.009502676936055403,0.009418603518340405,0.0016493885394131104,0.006845017601681983,0.062015834462756166,0.05131213500361754,0.07317205493538566,0.07501025312271604,0.06650124876767843,0.04731312489484776,0.06138165504914267,0.06773606574241671,0.05496681223893023,0.017663580472588106,0.01827588713402068,0.057663920282581,0.012846875553270647,0.010186916948063491,0.00789707512946808,0.007340693752139996,0.012093805625793638,minor
15,0.006762881895017395,0.07730397041267627,0.00977669585683829,0.11383306655987023,0.06260121375884861,0.009109432827584783,0.009996464810424592,0.006754165979567994,0.006070691104245269,0.008085191457998082,0.002893989477392178,0.015911939580480965,0.05884093117950859,0.04799404504259536,0.06217622029761591,0.06608500030032323,0.06103746294621261,0.052152116138805264,0.05541224258726827,0.07043348140818997,0.05860187320244321,0.016608158273040387,0.01726018698371319,0.05609609362700826,0.013520568279634276,0.009622778193704691,0.006899348262092035,0.007588161486135971,0.010571628070764116,minor
16,0.007193092848441052,0.07054763293871245,0.00880368652656736,0.08536111992890519,0.039599072719702186,0.010039048710217156,0.009488342270439024,0.006456870725104846,0.007026479750613198,0.008756438512088807,0.0025701044316779123,0.010446168203517249,0.06410198440616982,0.05447362006321488,0.07407568860550348,0.06375546999131088,0.0667370479783143,0.05722477544238,0.058865449578719156,0.06621864000344416,0.061285785552402626,0.016537098628766275,0.028072718433609055,0.06903527650357365,0.010668256361820939,0.00913463053120704,0.007010271684720892,0.005700078837952265,0.02081514983090417,minor
17,0.00682118275780706,0.08316173919405516,0.010376972543440182,0.0760245147559336,0.038468379618847845,0.01037009503654785,0.009353515486593618,0.007193216292503561,0.008534838227451066,0.0065535907881953655,0.002282948385993409,0.009123968957113412,0.06810439109924556,0.04993265637657636,0.06642236378958666,0.06914465556934256,0.07443787581358595,0.05160840048928034,0.064844521940241,0.06448812818525687,0.06574496693317747,0.018595453795819162,0.016739101692346256,0.0626249772124764,0.01363268920349888,0.014381629859918373,0.007713708553019642,0.009728763240600255,0.013590754201546,minor
18,0.007581676005886278,0.08243705393119281,0.007786445604185943,0.09241422536863617,0.04459637505108195,0.009915942174248201,0.009202372439433663,0.007412792863880973,0.0060208234075418985,0.006465680440593381,0.005761740247671973,0.006693025458329679,0.06071838290006629,0.05019768035500353,0.05648051782454563,0.06556061084982837,0.07053804519399187,0.05474652231069141,0.06456015818820733,0.07029220198710144,0.05974587856401098,0.017357824123026114,0.022216696461305935,0.06564504260454168,0.016239337027851977,0.012081422562203334,0.010157640817412175,0.005638677655444246,0.011535207582084804,minor
19,0.006974145316872641,0.08008264463182899,0.0077734356640553936,0.10787153763738036,0.05832390741547516,0.011372492452865835,0.013381564451285601,0.005807387953139024,0.00472987875517098,0.0061292985653270075,0.0014245617291886335,0.005460084937559651,0.05718660374508017,0.05331340695425364,0.06649034226765758,0.06602829812108922,0.06774709205777388,0.0550270340508949,0.05930531457820361,0.0559237061943152,0.05026165719774872,0.013707065486009728,0.016974502174929126,0.06591392400737688,0.010379219957346954,0.01180542154176884,0.008271645893683446,0.010365205510404898,0.021968620751314106,minor
20,0.005882928198844091,0.08424109693518862,0.009150576527143786,0.0993572969461179,0.05355573089505052,0.012956419240713616,0.010298237995017438,0.007184323230904448,0.012805638403269011,0.004595258996488262,0.0018485192867511698,0.007130493262451664,0.06021150291358746,0.057207224286626446,0.06391832550831228,0.06093576972473388,0.07506816098231799,0.05050834732794331,0.05972100028817766,0.0704980615173506,0.055195525190954914,0.015611828785394584,0.01823819882314692,0.0550571223630747,0.011249925538086512,0.009040912435998437,0.007208613356356031,0.007010127018938881,0.014312834021058896,minor
21,0.007867263483663966,0.06978362809393217,0.008190235090474668,0.10865762857919922,0.07248840674910312,0.01226245049116225,0.01082953839893133,0.007047445834494232,0.005220149108907101,0.008468614086439875,0.00235525821998511,0.02605197551261441,0.06683100401769612,0.0583132765782526,0.05708274735710111,0.059083934110689504,0.07427469716798922,0.049279149083549675,0.0549946356642394,0.05263612187096966,0.05274388787258305,0.014240814853834511,0.019681339439651866,0.05788594931151834,0.013103552557959086,0.00958362809598645,0.007587290312363138,0.005778016745145879,0.007677361311562824,minor
22,0.007620014833007207,0.07458118279718183,0.008680773994422691,0.09620999643796425,0.04708899724201416,0.012183837843373235,0.011193859267417302,0.007124924546416935,0.005806672573171067,0.007530340848863663,0.0031204955640686594,0.008333595649327428,0.06143055078075551,0.05159505578718908,0.060557929900919176,0.061720553049997504,0.06788697645535392,0.052614231048671876,0.05911075851754569,0.07136256068354127,0.06524255637443752,0.015646062083404976,0.023263213697404025,0.05995521279000279,0.011380004952844198,0.008386802629554149,0.009513923279311364,0.0072799648227048425,0.02357895154913368,minor
23,0.006683204949848518,0.07941389563710727,0.009345529761434816,0.09288998287520918,0.054520678520236086,0.011482646376204917,0.010854487355766535,0.005515633953116849,0.0151464282156776,0.006105416764102274,0.0023369709308419025,0.009478935347495113,0.0651630153543447,0.06034281352669857,0.06161265360276717,0.07056842497017078,0.06721846482514533,0.061102858489109485,0.06020530557227731,0.06327000331214545,0.05369561630976721,0.01390669116787271,0.017388600742641525,0.05451997556521513,0.013415662422279147,0.008112442977123789,0.008543640843604176,0.00759586263171693,0.009564157000079619,minor
24,0.006107268273326823,0.06475023456239416,0.010216984209658386,0.08957873692592,0.04998302147192698,0.007849767205902886,0.011260926899159328,0.006968265614863056,0.005131387845195556,0.003897988377154637,0.0028174867349526076,0.010743736423744932,0.06744679828137849,0.05412868279724316,0.06250976483292457,0.07345126070052069,0.07471957284579128,0.056344145091490994,0.05706090961411284,0.07780553254935237,0.05870146283350306,0.01704711114027447,0.025396425339178786,0.05178724905303659,0.011388911035070767,0.010092060849456807,0.009429088272291343,0.007249245123104266,0.016135975097070196,minor
25,0.00722981315638838,0.0729204987499826,0.009881570762288888,0.08490728623996588,0.04606517732997416,0.008965377561612285,0.014326382942148197,0.010374029281861711,0.0072448942900879346,0.005604062508248156,0.001464563378488411,0.009687316446048297,0.06905530507023917,0.05692779253848221,0.06347335576739334,0.061636070385953146,0.0743804238862283,0.05401729596200962,0.06481374497876996,0.07401369672507603,0.05279982540060541,0.01700628110266763,0.02229860147837544,0.05989232127909,0.012269808956242637,0.00860168696525827,0.007425208343512567,0.008193309006669095,0.014524299506332078,minor
26,0.009495011820734214,0.08763854785655995,0.008149955205478834,0.094769210584283,0.05304524259274627,0.014254997142342183,0.011315076613512208,0.005673160296605388,0.013788167522131217,0.007639198057795116,0.001025740519167948,0.008053415100888991,0.06382295285355871,0.05212823806163238,0.063593074675564,0.06498954791399222,0.06851643423023249,0.05310208262434651,0.05309131157910971,0.0584076635102301,0.05383109269806722,0.015844081781537598,0.015463423640886539,0.05936277001907675,0.012386833611888266,0.009776045541988089,0.009169779500557147,0.007489718431321513,0.0241772260137655,minor
27,0.007441623557388316,0.07965403438246468,0.008488043108977775,0.0958432816240405,0.04766841438837258,0.00931892607581555,0.013247099424292835,0.007359917962403444,0.007994906366999973,0.006697608142266299,0.0018598567741092789,0.013655990046746544,0.06867350585028363,0.05000862387218447,0.06554474719600752,0.05671016577229232,0.07049530159133241,0.04749566712634797,0.0592384380883924,0.05953798432614053,0.0677773372380614,0.02172000155439723,0.024167051298691806,0.05637519785862637,0.011056815979769876,0.008619432293910049,0.008776802654602053,0.007724631556239981,0.016848593888842193,minor
28,0.007540162346815229,0.06722363221714539,0.007823694805091362,0.1005067166790192,0.04195861653377455,0.010021134620427818,0.013770726225896538,0.006406754882750791,0.007269254720529999,0.008013156448744117,0.0027365182767969637,0.010949201683588441,0.06695708814409501,0.05075688137050866,0.0720100480218456,0.06630786786560983,0.06974709316073037,0.05555698725736883,0.062166714315041775,0.06697092948687333,0.05361968877438387,0.017028162941513107,0.013352248462412949,0.06585889336565127,0.018985208563731377,0.011439949474061104,0.008635195836052045,0.006912121760218675,0.00947535175932178,minor
29,0.0084603046558231,0.06724451304903536,0.011918514747239694,0.09625673403874398,0.05378063560687617,0.011215633344606226,0.00812308398002763,0.006592055212717462,0.006933686726849127,0.006940289623574652,0.0015074606430905027,0.007705939762298625,0.0669676480413266,0.05114618000527623,0.0547878227159744,0.07494544304541427,0.06592885858601781,0.05007872166812504,0.0619238604926351,0.07357877344733811,0.05611807335209539,0.015006097638496576,0.017978861423765695,0.06391563023896002,0.01506205397148112,0.009929250014182564,0.014057225387257823,0.006148645658263617,0.01574800292250727,minor
30,0.007515758625180935,0.08414281184983188,0.011711697448912477,0.09203577971205504,0.04558556189606293,0.008306575109218168,0.010047510511589046,0.007608433327125886,0.005690177284372979,0.003766542564663548,0.0024363389452033957,0.010562426680316702,0.07024370385280437,0.049705637152457315,0.06158389553116901,0.07472265578741039,0.07480037674154298,0.04898272476769808,0.05903318468040424,0.07059901008761557,0.060214412667960696,0.015576556823926882,0.021216042934051667,0.055373433069825125,0.01272046577101861,0.0103155267091,0.007936937923544751,0.006476976049023945,0.011088845495913331,minor
31,0.007059853174798519,0.07064785590975056,0.007659438541840546,0.1033255064783619,0.0585172498791954,0.006304046832820678,0.01331657312469328,0.005438348120747402,0.009202334869056503,0.004676347644141781,0.0025234066994644136,0.011609452244066976,0.06415884753259464,0.053946790199078054,0.06409201249851436,0.07178997227221053,0.0759152579699735,0.05077118984434284,0.06211761440329902,0.06770758731006192,0.05133449512934317,0.014377436215607673,0.020978961772859395,0.05268721823101498,0.0117834599852295,0.009069958454833165,0.006530499454182814,0.007946252953851925,0.014512032254064625,minor
32,0.008962965068219343,0.06375026719430427,0.008169280630092906,0.08281851652250823,0.04433971220430924,0.007395201180782389,0.012939418042705998,0.005942419941662319,0.005890398760570569,0.005273841602542083,0.004437324275325424,0.006224998987194051,0.06006571182824826,0.05797052892774044,0.0700029973903788,0.0697407788234852,0.07602697649334571,0.05098873191281152,0.062345284876373024,0.07746853309474601,0.0528656925328122,0.015233944699661285,0.029535079855998594,0.06886883869301565,0.014909889772103372,0.008498649992748242,0.009725472136976623,0.00652375260764736,0.01308479195169101,minor
33,0.007007457320157301,0.07026644447914364,0.011133657577291903,0.0886530523158114,0.04884407129207783,0.01040854640036698,0.008008267317027652,0.007932481442799913,0.005855555071774739,0.008057729096295119,0.0029178405871156067,0.011070795255344129,0.06454614529963708,0.052313780442523515,0.06181969592033261,0.07605529885630749,0.0796585961691962,0.04976026904241491,0.0586703301670524,0.06843916273142375,0.05683799003721813,0.014830798123712614,0.02161668351331158,0.0606841115950277,0.013607604140302132,0.010232251765927854,0.00833105112414738,0.0076911607026738885,0.014749172213584669,minor
34,0.0076867381813131306,0.0740881822114195,0.009843509393646796,0.10514914504295927,0.05163263304855933,0.009213639423841655,0.01090326130769986,0.0058717679445699205,0.006078919809946676,0.008391059598167902,0.0018686154583298664,0.0037231010260784124,0.06727415760132237,0.052147908128724,0.05924433969406193,0.07688705584077293,0.07015345195319031,0.051424497355406856,0.06417406734647467,0.07070411808457544,0.05899101763717578,0.01680392142740007,0.02445392794028732,0.046645953923056746,0.00687662725669386,0.007246050905730728,0.010241142157724913,0.006651240982242847,0.015629949318626914,minor
35,0.00883788813840216,0.07104636732703104,0.009567216848346868,0.09299127986676382,0.040737306409614656,0.008188568306140526,0.010186795720108919,0.007603833505124382,0.006093354246562217,0.006715130307519927,0.0018296811947697883,0.011210948248912896,0.0703093526472434,0.054591769385548196,0.05848029576033444,0.0676362910151274,0.08101280348757647,0.05064317305016091,0.05694497164440844,0.0645065566248885,0.059797163793578405,0.018650965220433646,0.024220353748280302,0.060830281545783196,0.016409616844305044,0.009769800229407856,0.008673072886125349,0.0067852644851441705,0.01572989751235694,minor
36,0.007191917848172241,0.07418390317526628,0.008398558663771831,0.10041503832699678,0.057542076450919404,0.008827618072789178,0.010607080449183891,0.006481424744347276,0.006628364440709737,0.004942677136971727,0.00256898728737663,0.010484312364751287,0.06416354599549626,0.05999556325385769,0.05974152629999843,0.06326093999226043,0.07344004844612555,0.05117125369131451,0.05555072903365527,0.06565496581613552,0.062231545082673714,0.014124748018772563,0.019187035994988055,0.05857791139571441,0.012902709524995837,0.010149519161531508,0.008324222490122648,0.006922199041204876,0.016329577799896498,minor
37,0.008701247867247186,0.08529999750710608,0.010060597051381404,0.10255768677549468,0.06132800080007955,0.010011166491938011,0.01068424338601119,0.006085464625043923,0.006548696159754284,0.005284165293770877,0.0018247631358901274,0.00614738270287013,0.0702167387481597,0.04742743368075629,0.05334011159440046,0.0731347714244406,0.0760404896307524,0.04702114651330719,0.056944144392590476,0.05842789334731158,0.058340081695617316,0.017027425219386473,0.025756464560972504,0.05498603527881199,0.011407015123163609,0.007890208023467104,0.008988932943521414,0.006855471628449671,0.011662224398303936,minor
38,0.007873546809577386,0.08693838643740005,0.009253255934645821,0.082676784291398,0.044663419733703566,0.007158166599978692,0.010485244686266448,0.009641621059459189,0.009806574355569626,0.006270270293066103,0.0013832669588055655,0.0193185343349105,0.06494094441653277,0.0518452783890563,0.060556708779415824,0.06283455939224318,0.07015930011845516,0.05457922433241848,0.06268718101614407,0.07494337631145594,0.06061216312322682,0.016164196420527098,0.0219841431683884,0.058601833263635154,0.009267929761171882,0.007361000507377548,0.006732728022677539,0.0077187742964545765,0.01354158718603823,minor
39,0.008441355990792722,0.0738284218686306,0.00975035667595207,0.10487261455090315,0.06180875056274264,0.009675433012771207,0.009403440134057441,0.007236762530054599,0.00692114196245586,0.004765819590076701,0.002833843214627721,0.007353789501497305,0.06042138687390789,0.05372991892423198,0.05506109847215455,0.0619228448505661,0.07551892645764262,0.05547915311313921,0.05629934452432228,0.07102517121186952,0.05715517395122806,0.0143484390948445,0.02649827905996337,0.05665311161790113,0.012186924160868483,0.010005896014837127,0.010194966378552977,0.005667417788150327,0.010940217911257768,minor
40,0.006135713947432303,0.07306401830656749,0.010909806050104068,0.09690710711341594,0.0530806847966095,0.010039359605844346,0.012957567232865775,0.0061987065087275245,0.007554008498484684,0.0037333506845650755,0.002577170660467256,0.012253135223584405,0.061410785226007784,0.06102834248420849,0.07222830111948665,0.06223386459226909,0.07425712429958424,0.055232397805027623,0.05750646529927187,0.06287254441130417,0.05491096101829311,0.015189960900420454,0.018113756424506817,0.05289809716556078,0.01070057114338594,0.011850949801288209,0.00902765370404228,0.006464108881524193,0.018663487095150085,minor
41,0.00660803765002776,0.08640392067013561,0.009426266123733151,0.10809888842590266,0.05486460796779009,0.007249556266847739,0.007870014789718844,0.007792213324996745,0.005865705867432323,0.006497504260162888,0.002348889844194134,0.0048308761674025315,0.05995146275646899,0.06057398086263119,0.062282640878354834,0.05436307626244939,0.07347237455832198,0.054047050437618684,0.058022695923863096,0.06540076983130881,0.06204367267368873,0.016414193094296595,0.023439577875980697,0.05960085893358926,0.00866712508971138,0.007949293269536068,0.00669197056059996,0.006165972309192968,0.013056803324042946,minor
42,0.009267748272514215,0.07512876453291917,0.009240521382456776,0.10282504968945116,0.050500368922700586,0.00841878114845225,0.009440319803542884,0.00937278560245473,0.006904709367390352,0.005096397948315563,0.0015843645712943942,0.009590823413547707,0.06483799124577942,0.053199844047594695,0.06136442313218013,0.05654352068821261,0.06999603216985745,0.05496369634490372,0.0634749963400483,0.06645640876375129,0.06173626399644599,0.015217875407529509,0.02612097458278187,0.06061138346414117,0.010497171362611237,0.010744365813060158,0.009512368743280748,0.006652350939815068,0.010699698302966775,minor
43,0.008534362715043759,0.08794661408837703,0.00901305902132317,0.1087094540544394,0.05233171580791,0.010347815779555798,0.008530650164044685,0.009650946122714747,0.007098166456167937,0.00732875290116433,0.002950114752833646,0.012199260969454695,0.06050660520149356,0.055388232202670855,0.05929527903165642,0.05735740617556892,0.07000783013282019,0.04404469318198426,0.055500011609622674,0.07072494859571075,0.05836913842091821,0.017253655585612215,0.023481444138178095,0.053765230954861985,0.013357657462348361,0.009436199777235402,0.009548839652629797,0.006740588249344206,0.01058132679431497,minor
44,0.006343032436690779,0.07840552384334788,0.00838561474768495,0.11476251238894175,0.0615293866040851,0.007953864572015997,0.007250667426542142,0.005955001824520329,0.0054172909384182155,0.005934344885099521,0.0022381445774669094,0.0138146585158858,0.0626624223268538,0.0506490077840122,0.06071067105189645,0.06031580104117669,0.06713293068403905,0.04999666545219447,0.055264597680776226,0.06604872530416753,0.061859969141196375,0.017674502660871016,0.02627817669887487,0.058749809976935734,0.010612815851150492,0.009879036398610042,0.007849563786400407,0.006184793837336132,0.010140467562809143,minor
45,0.01033929901195642,0.06629614632197102,0.01014162032333731,0.09598142573787698,0.05273074861968486,0.007326530130544634,0.01046588106097909,0.009827276367223678,0.0059583687602059515,0.00602260392127888,0.002242056541745123,0.006242807022089784,0.06269787014239155,0.05474488700035208,0.06257763607538981,0.06249107173579177,0.07578472025840917,0.05467175353445062,0.05832992635212585,0.06961544726566489,0.05626751242261337,0.014919838132681565,0.026051682808820587,0.061192059808143934,0.015010968224472883,0.010066901523174085,0.007167159403772428,0.007173108229806332,0.017662693263045412,minor
46,0.006272546489989355,0.06624573354482886,0.008750322519478456,0.10967361568754543,0.06631641463921245,0.0074408048899553365,0.0093172374288824,0.005637656003956902,0.011740980995495694,0.009310164942439135,0.001740684876441792,0.0038293787809877042,0.05975844190169758,0.05228151928709132,0.05884450436414787,0.0649977045383332,0.07455199554033767,0.049098530952297485,0.06195442635115152,0.07032232289309306,0.05805791144924,0.01629025855571852,0.01568593500197003,0.05326758081085925,0.011832810224737502,0.01121146841714358,0.011030142970131508,0.006191132494250986,0.018347773448585524,minor
47,0.0073859586923516185,0.08829855713971585,0.009313983792808995,0.08608779513644362,0.035943107169524084,0.01449341641654132,0.008995776924215906,0.006890211381852809,0.008188188109323558,0.004561880931339884,0.004971559960903739,0.009308367172967109,0.06765044486191196,0.05144282918777109,0.06561337325484032,0.059170683871492144,0.07077673029840316,0.05490513367914629,0.058694434525035984,0.07099834796202188,0.05554770178613044,0.015429495934212672,0.027267699490309345,0.06052142351187848,0.012579523420197426,0.011504583254916429,0.0061663649523847515,0.00739000036886947,0.019902426812489608,minor
48,0.010038464398207594,0.071797879968901,0.010108921601443452,0.09989492275473787,0.052289869805578496,0.008077677867498212,0.009288640899653871,0.00615955167720992,0.009925778959240737,0.005792929756786818,0.0019664748824922383,0.012771522842332732,0.06682275961217,0.05482448005060403,0.0625545358013876,0.06397300555389873,0.0733631397771141,0.05326714364471833,0.0645515516072674,0.06930375253392938,0.049308753462888065,0.013501650480485933,0.020235085621380593,0.06211239867010252,0.01164220366778355,0.009901703044303711,0.00815726412943545,0.0070592635556099475,0.011308673372837766,minor
49,0.007715779490309014,0.08256819909834236,0.011363842095202335,0.09571515285077835,0.05045912839653476,0.008805379259178377,0.009436146116607026,0.006933992140575936,0.00728821155644542,0.0055313067867679006,0.0020481658530318984,0.008049234993225912,0.05725381434217423,0.050300477447908845,0.0661893340211941,0.05514728033777119,0.06973682459666544,0.052268316348638495,0.060726477118932115,0.08593291124938335,0.06103274020620635,0.015908378772280747,0.0201904945936849,0.05954140142953894,0.010775897952304287,0.008274196138495367,0.009034269561587736,0.00626418394622223,0.015508463300012511,minor
0,0.006699468587739536,0.07284105546789238,0.00828265185656502,0.10310149048229118,0.04801791144010447,0.008394168349955555,0.0073856675155971946,0.008960309313451941,0.005517433318271443,0.0072145991004848265,0.0007821215421950696,0.005442032363092613,0.06161096270738763,0.05638145480050535,0.06301946907638509,0.07254554511502306,0.06650666556223749,0.050730178044537055,0.05660648529223747,0.05745885308543913,0.06292323652664691,0.01754117697750925,0.028919391562377744,0.06602872751876533,0.013167865523905867,0.01059153036737278,0.0071052761845083,0.008341307210410778,0.017882965107109475,important
1,0.007031595687367275,0.07126718908803413,0.009909127754335674,0.10136974142692459,0.048889093221383524,0.007537059720677039,0.011518786053451519,0.008524427660981295,0.007555469933170759,0.006293311625692904,0.002668372293395038,0.0042801374664410115,0.0649258206186045,0.057251773029568305,0.06288324349466676,0.06164036040694191,0.06647860183836807,0.046769232051356434,0.05721525394397825,0.0717861635327456,0.060379218426629466,0.019473831258139333,0.027208432088520963,0.06263850106583994,0.010021056030321822,0.009312155694315802,0.007605631616029486,0.006840400713527597,0.0207260122585911,important
2,0.006653258918632905,0.07521736275766412,0.009774687384291759,0.1163925434208295,0.05422712377505633,0.008006216203089896,0.008091479305629031,0.005817514359201479,0.0047385026122368865,0.005371376635008751,0.0023631370447292264,0.00580027685370787,0.06621488656625489,0.05128419678023799,0.06198146165793728,0.05946846328481361,0.07289650211182674,0.048765089190067744,0.06279699058090416,0.06268988311603013,0.07313434224275905,0.018763054387863708,0.03215679354478582,0.04923906990283719,0.00812620562923422,0.007174049766433936,0.006251379282536679,0.006450564395123045,0.010153588290276183,important
3,0.005863556478927054,0.07744963168027251,0.00976678528049971,0.1000559839760434,0.04556696880485163,0.005428399965497326,0.007415079470424893,0.006982575399721083,0.00518624371050346,0.007034980508285261,0.0025942771182725414,0.004809875230093695,0.05907753572301655,0.059215155665348775,0.06221509254876736,0.0755762843456269,0.056892594422094975,0.04824077866718623,0.06020021895922035,0.07561234096121483,0.07225173043203185,0.020321454460836386,0.029803602237087466,0.04998275008215421,0.009735377528002943,0.00753865588712957,0.0070402402026241715,0.006163959254235313,0.021977871000029563,important
4,0.008414233255820334,0.07234668840319962,0.010497468227833828,0.08660665327578204,0.04061381734376676,0.007777639971441298,0.011490188280875707,0.00729335487691791,0.0044178885150429606,0.007643009288259912,0.0026351332701448488,0.0035634927858096215,0.07671063338534005,0.06475256358683647,0.06603930039263747,0.06339336651115193,0.06638639510988031,0.05083104945559287,0.06487104154408908,0.06663000882385804,0.06739764773908644,0.018455788386256198,0.0254031105823958,0.05845667307337351,0.010245339512146413,0.007687651374723823,0.007394251087432347,0.0060889747986342686,0.015956637141670154,important
5,0.005138725569797642,0.06580577173372272,0.010642796074067196,0.10842762382957499,0.05058328667384692,0.006459653874874528,0.007163559823053115,0.006415416373128,0.004964085700719334,0.00845349441027098,0.002274054926637593,0.007814778699911824,0.06978893295355396,0.05217339377787697,0.06962056776765135,0.06112799055287857,0.060237912140554274,0.04926866829715774,0.06042432687897351,0.06641265237052621,0.06481259418373,0.017732599101072798,0.023511526286068594,0.06580314717324601,0.009506340180812079,0.01056752525202717,0.008835276466634626,0.006972546330715243,0.01906075259691597,important
6,0.007820407537881867,0.07878507978954696,0.007890400113663489,0.10846092751347118,0.04451257174211175,0.006573118901261812,0.00824628423982862,0.007557955184159255,0.004849552025427981,0.005442570075442978,0.002454360472707202,0.004772024003757045,0.06496612879854513,0.05046891301723688,0.059287925915917514,0.06530163166167828,0.06595262916189634,0.052149876962497,0.05826659634715217,0.06562528185521332,0.06568959490954875,0.021592319583967734,0.028538004236357977,0.054998829288650984,0.008576832918024128,0.007617619350356772,0.006632495604311115,0.00944213705820244,0.027527931731183442,important
7,0.00812423835982741,0.08770742899259966,0.008337030747586011,0.08460594215756242,0.042926396193183274,0.006029531570339343,0.007011529352545201,0.009365544290350964,0.007076299041673143,0.007191435431967984,0.002346982876347671,0.004518268072347283,0.06902164446556043,0.057317347872340885,0.060175378973152546,0.06191071235828618,0.06323972508575731,0.04853638788183916,0.06062139801741663,0.07333498568284724,0.06649570583650015,0.019343879860865595,0.01997145052498581,0.06402090351927142,0.011420996303994247,0.009988837297575064,0.007169349111822003,0.0072514072107676564,0.024939262910687245,important
8,0.008021184181497191,0.0721039323516973,0.008933643819708011,0.10140056980979938,0.04957074677993623,0.011366762842704757,0.010090713542501881,0.010958123161566892,0.005407383116297867,0.006260556789545643,0.003375921091889462,0.0043515559283659085,0.056849235073549054,0.059238025033664946,0.06644451128445203,0.060035380592791884,0.06396463583690747,0.047309610739239,0.0594793946600692,0.06063498579966851,0.07180693645523879,0.022676791827800157,0.031564276563821284,0.05754227510312587,0.009437841091176754,0.010226874580769502,0.008021255211189257,0.008479665201288898,0.014447211529737027,important
9,0.007394234300304724,0.06612506717397384,0.009467383049737248,0.09119432932904088,0.04763359960193816,0.007549094782096721,0.009002994215334004,0.009585012322780723,0.005458757889332228,0.005354064504575732,0.0027141356391181468,0.005418341493477048,0.06827274758974065,0.05482470191173608,0.06020112563914104,0.06400296257294052,0.06008882936102608,0.053102818618233794,0.07127849489910525,0.06798344244135326,0.05777842706011023,0.015706112337043013,0.030369349486085283,0.0657822817188299,0.015987421732695274,0.009214642339690843,0.0079964408613141,0.009867459522547799,0.02064572760669757,important
10,0.007086002731291292,0.08321399836507384,0.00992769834231496,0.09063813620232578,0.038123506547585256,0.009482465864409621,0.009647454068037787,0.006576162313912523,0.005897786418248939,0.0069966682336670616,0.0017941600640730255,0.0050970153961964314,0.0675141545303494,0.05410261285014591,0.06095259897337439,0.06000415777334625,0.08576469725530575,0.049679337875931324,0.055461305474622885,0.06567802603561448,0.06555027783756635,0.019745634986992232,0.025397808465576457,0.059504879881995584,0.011406805039149868,0.00805313524471159,0.00673923211406396,0.006952655377298958,0.02301162573681814,important
11,0.008888210751847984,0.07947287574032184,0.009005598887394085,0.11161490159541602,0.050898232783849605,0.009214862809452079,0.010289126457285863,0.006044882931749601,0.005124800876235476,0.007941314659868866,0.003583026932146166,0.003721045069981831,0.05975553587456696,0.05497869044540246,0.0597908669386581,0.05702878991840097,0.06068885570357297,0.05135534743850553,0.058139317314846915,0.06271245976220477,0.07057376646965066,0.019390231670615373,0.024349689436968098,0.05742880229055205,0.012008753433640312,0.009121427987680831,0.00702830296736878,0.0065033689671978165,0.02334691388461809,important
12,0.009126717037858943,0.08227105097426159,0.01411112715670793,0.09209166764958529,0.04928668295807184,0.006187068362075106,0.006758054173016688,0.00678925257597021,0.005257045576024306,0.0063164747204066014,0.0027776304332593244,0.004358781004213991,0.06794067295923241,0.05271000584535347,0.06347893108644176,0.056989480572187556,0.06939134947646051,0.053672879180962155,0.06036538017078565,0.07339380289135214,0.05537973329569705,0.017071904183222582,0.024037381378765175,0.05991065019102328,0.01707598810357919,0.01137331539724817,0.0058170644784232735,0.006166296099926982,0.019893612067886996,important
13,0.006804396198818659,0.07949072132313825,0.008971087084439583,0.08996366334204554,0.049909132799275606,0.008430368466316127,0.010829874117682091,0.006512993043980683,0.006955066596547755,0.007601410204731522,0.0014128735615358391,0.005037676953710081,0.06438394009657378,0.05894338738451809,0.062478129892635396,0.06104682533827648,0.06579644938131705,0.05968974709885633,0.05810398040217174,0.0626732907228562,0.06543417000674204,0.018011908949061285,0.028431852546884233,0.050212630470451054,0.011122641590978598,0.01110702635847526,0.007028473288668919,0.007061683802898469,0.026554598976413206,important
14,0.005524452140144049,0.06791137755670584,0.006786272341955982,0.10465276423239213,0.04860158774979206,0.009242392595173779,0.00847507894682975,0.007869841915081095,0.005186200359213371,0.007793395617353769,0.0020408112495418867,0.005180354369191947,0.05865816239694671,0.053732592342075246,0.051921327088450916,0.06705525353018589,0.06976148117704928,0.05347067043052229,0.06170130807355989,0.06859892321561602,0.06739304769726186,0.019503191648846365,0.02801056413182762,0.06795544314442656,0.012290515570184945,0.013170938484883987,0.006593227976091554,0.004350718877664548,0.016568105141030822,important
