,sex,age,ear,day of onset,time of onset,vertigo,ear blockage,tinnitus,hypertension,diabetes,tinnitus history,hearing loss history,white blood cells,hemoglobin,platelet,fibrinogen,cholesterol,height,weight,BMI,mean hearing threshold(affected side),curve type(affected side),mean hearing threshold(contralateral),curve type(contralateral),revive(affected side),ABR,otoacoustic emission (500-6000Hz),target
0,0.0074806700344247,0.08016265783413969,0.009652786892027056,0.09260248912289529,0.05413021559529832,0.010918675217201695,0.010485910113640744,0.00625075807409929,0.013256394838415668,0.009292576341478469,0.0016878065648487255,0.012126687999330183,0.06687595844055245,0.05030605805723585,0.05272020470373682,0.06544297607489419,0.08201733716833516,0.056502948543565884,0.06231021626444023,0.07130040875628385,0.06557476730494831,0.0217923487247742,0.05457260464498245,0.013451715660830185,0.01237527672688127,0.006977906467833428,0.009731643832905862,effective
1,0.009296816401987242,0.07191712748579288,0.012223667489977995,0.1264847498570842,0.05862023363631558,0.011759193359529116,0.009581278748694539,0.008973163613658373,0.010335443379138911,0.0073110325902445246,0.0033610206093877184,0.0066044394032127715,0.06595973692501969,0.05323092971096893,0.05852647895784163,0.06524824707136441,0.07691461714770106,0.04736157953888923,0.061206137893359616,0.06496191834086905,0.051971108269671586,0.018626475084125866,0.05096635562891466,0.012079949290364446,0.01319853361114359,0.009779073634932557,0.013500692319809578,effective
2,0.00987270843710456,0.06272130212104472,0.009046149511772475,0.1107762985360732,0.06233417646858796,0.01020546358222166,0.01078350155831209,0.00819595623723176,0.007910021355417123,0.006731430650188794,0.003428552612103713,0.01693032682376051,0.059616049227727015,0.05410978597300457,0.06604361476667858,0.0684450540799466,0.06898573240252001,0.05120567626237751,0.05661628567431502,0.06500518022048382,0.06109618935960133,0.01694254016268236,0.06289161434383347,0.013672719357491488,0.01092044931883249,0.009568489089006304,0.015944731867680858,effective
3,0.008967886726155038,0.0755390632665846,0.014350476050207355,0.10903762839202652,0.05665981774208065,0.008502132154906448,0.009558712922466229,0.0077939703723473135,0.006496822569720991,0.006942874919671505,0.0024809915415111307,0.007292205520469262,0.06307043681952373,0.05445669229846427,0.0730414473601389,0.06386765392301523,0.067070946921515,0.05212035236281853,0.05949243620664094,0.058457623333050115,0.06695714429146626,0.018617499472353388,0.06484309287778017,0.01221808040789239,0.01057302393161085,0.008732556234120344,0.012858431381462756,effective
4,0.006714298708600467,0.06950301016043524,0.009919418605813237,0.098783316868238,0.053627225317757245,0.011613639507282591,0.00993300003608636,0.00752268938637316,0.01167072384351171,0.007894880025786796,0.0015759818782162508,0.01723373440593469,0.070384498884344,0.04823825864266649,0.06648717838222278,0.057508764272947294,0.06739800819867509,0.05461637585778766,0.059405910756283736,0.07335698216303288,0.06736925505948309,0.016663069213536216,0.06805708695961608,0.015545458813740634,0.006866574972742155,0.01050830639587304,0.011602352683013161,effective
5,0.01029549845630113,0.05818821843175538,0.008883760229769172,0.10089801468631471,0.06801311620294383,0.010086889822073862,0.009322515861790785,0.005444093723531635,0.007398746208648964,0.0070182139695552604,0.0030616160247566066,0.016867879813471213,0.061996573709345464,0.054148213356865635,0.06007009972450333,0.0645807023349495,0.06875374261531186,0.05451829417289098,0.05249027760273445,0.06065708992622376,0.06585644668629223,0.03159786736104418,0.05573274232312833,0.013619153527816473,0.01613973555399837,0.008495957539650602,0.0258645401343323,effective
6,0.007787793748031676,0.07336864165899948,0.010468349889616976,0.10146883038174256,0.07197816439815413,0.017574210717163776,0.008031653007905138,0.009911987837833933,0.010576555041340514,0.008260783101705088,0.003910834646739254,0.009301463093069305,0.06587789007155835,0.050922895310607896,0.05516046728951915,0.06251912918471894,0.0741325721237563,0.055634946883963594,0.057268639926056596,0.06319087789526041,0.06495240266533674,0.01717084688730378,0.0610252608268503,0.01047953124333139,0.012043066611947758,0.00877022857735657,0.008211976980130466,effective
7,0.007927341731055217,0.0752103095016525,0.00918765412240086,0.10574551135317097,0.06669850296393395,0.006900372307024701,0.010418803995855945,0.008624167571743233,0.008176652302674444,0.009525652321510092,0.0022631638744069677,0.013390301060301648,0.059462381421135385,0.05058518005520802,0.07493703120962379,0.06141744640955955,0.05560836025230639,0.05138414049030683,0.05512511660751749,0.06543043722384337,0.07081366264723339,0.021037581283096088,0.06361085301578713,0.012590509816440127,0.01005408432162448,0.005645858865891907,0.01822892327469562,effective
8,0.005302205029764546,0.06632641512213942,0.008610108317306832,0.11845251442788256,0.06397812317038372,0.01081239478092696,0.008749991490911234,0.006448251358874029,0.006057593682602469,0.011275672158957346,0.001903890222947933,0.012039926027764644,0.054823129185062554,0.04900198519423423,0.06320838051362121,0.0756194477944749,0.07454398640625606,0.04835841099135573,0.06853873497690224,0.0616719385069465,0.04625867505010459,0.016668568477004334,0.07431696783775213,0.012295844776319025,0.010135540907450448,0.006497276337527156,0.01810402725452715,effective
9,0.010557955941952857,0.06224686446848227,0.010032787222949263,0.09057130199493871,0.06880226149761742,0.012918571172625232,0.011902659807949354,0.008175039532013238,0.006031428117348438,0.007870432750288767,0.0027846897975008166,0.011508571445207031,0.06632020531144392,0.05625959828417079,0.07048242222066167,0.06645702516352302,0.07099575948522725,0.05439556858892132,0.0561795655262348,0.07648228092394067,0.05753352137300652,0.02221567610398031,0.057954779285657114,0.012213847247838305,0.00850459023196614,0.0074602540739809,0.013142342430573953,effective
10,0.00805140963532255,0.07831603647518215,0.009030386871585618,0.11649041429999776,0.0724402228294471,0.010274638249402925,0.013652080300717519,0.008726489090911348,0.011703335702593408,0.007353165726966066,0.0034076024815405588,0.01240808609687753,0.05822198817768399,0.04788958575010362,0.05940620796974111,0.05863020284908117,0.07115652949784522,0.04826078125169906,0.056225336113890564,0.05978611893601421,0.06291305208509371,0.019136189331873787,0.06558298397056196,0.014004838819865624,0.00932645604085522,0.008587403799710201,0.00901845764543601,effective
11,0.007673384377825471,0.06529382745511507,0.009133625371856649,0.10465576803786072,0.080537466418345,0.014005103283140025,0.011417287067977304,0.008302935679064647,0.0050498930760677985,0.006590735951680335,0.0037178823102214,0.012161350570275887,0.06603109259073715,0.05586978668842162,0.06803218783288806,0.05326960403549268,0.05855680821350317,0.06028233050343773,0.05755910367444504,0.06408244089024168,0.06062848437362879,0.01647612421853503,0.06377519073353125,0.01440559638789916,0.009246501760326374,0.01068811064455853,0.0125573778529235,effective
12,0.0076897686885497914,0.0660616113768476,0.0081974458580617,0.12252414672053633,0.06892500146787955,0.009233269387351117,0.010993366484486195,0.004994154786041484,0.006037818325121308,0.005125227542001973,0.0035423384232078133,0.007782403350385587,0.05647465302035808,0.059476371867038136,0.06607725610059954,0.062104853889170135,0.0715543508199363,0.05055968020868295,0.0642615745870018,0.07326393597749364,0.0573322001985382,0.017324388909719785,0.05571792721216655,0.015986583318976174,0.008718833439349956,0.006486000474315483,0.01355483756618284,effective
13,0.009513845130820143,0.0842033783566176,0.00877696009878858,0.11074851290346058,0.07160045215384919,0.011512227939918414,0.010554019813756237,0.007932932170666773,0.009661939112517625,0.0087608079185709,0.006264055221070514,0.017414631764792302,0.058148973928029035,0.05200915704300615,0.05850801656836961,0.04889337728869862,0.06801633977794072,0.04956109324629742,0.06468082366682056,0.06657726377493402,0.066883170427057,0.01544219934406959,0.05172119053746711,0.008606590860418041,0.011073213909373958,0.006356925095132348,0.01657790194755703,effective
14,0.008032085804926046,0.07116460243412434,0.008344731269038614,0.12201831879885372,0.09183720827373394,0.009962011194987937,0.009501197283953915,0.007857261091733604,0.004826907224694272,0.007345655001156917,0.0055908536181494385,0.007698013739089587,0.06356704462975099,0.05601597382409238,0.060823805342207375,0.05667179277990203,0.05905472681779862,0.050047440224167926,0.0649714674552701,0.0700368195484414,0.054308336450611304,0.021910816671939545,0.053141599011356934,0.010199159922097687,0.006736830725470143,0.005697136243867171,0.012638204618584116,effective
15,0.008256956642875044,0.07473872051237003,0.006946539282199435,0.12184882709720539,0.05682001017484729,0.011116037910602273,0.011257965971247659,0.005777731901801744,0.010366627847517367,0.0065574694072430585,0.0018303014702677335,0.007733496792133212,0.05505686419186408,0.05090482202774342,0.08477698582994823,0.06849285170664104,0.059785283717471896,0.05508780592446954,0.055159624029439365,0.05355582253781697,0.07845500475014687,0.020908135366176556,0.048837267923822626,0.011489434541152338,0.010333618666137436,0.008950516032655568,0.014955277744203757,effective
16,0.010464758446628988,0.0695524564811451,0.006844252256385631,0.08979025964466338,0.06173599064642052,0.009952573183148048,0.012130427895893678,0.006637859699877798,0.011262791273913724,0.006943244431011653,0.0033748874701154006,0.011275691367968934,0.06849596902912969,0.055462410068140476,0.06133465821843048,0.06521488685198498,0.07632454178741566,0.05573469871793191,0.06383754334597695,0.06867823436363343,0.06595548607607177,0.017839952586182418,0.058511118473061875,0.01218083520853957,0.010787666537726025,0.007126461764110209,0.012550344174491706,effective
17,0.007928029207888765,0.07896412210762274,0.009924201077762767,0.10670137777836282,0.07918572310680926,0.012340059527884443,0.009613525991674587,0.008507740725202705,0.006600459136979677,0.0046296838716414785,0.004343251128785424,0.007316305012819127,0.0655428300225943,0.05628885549302624,0.06094475018780489,0.06119942449002198,0.0681842194189689,0.05187871498994235,0.05929687386753564,0.05753705589145918,0.06614998507932811,0.017597046207112294,0.0525666161759995,0.013035238840066571,0.012583535933907833,0.008846591421803123,0.012293783306995425,effective
18,0.00858234543189892,0.06924609459483942,0.010023806191036773,0.09404741857095955,0.06343860778940047,0.006376260335959568,0.010988120817833243,0.008689319569711132,0.007454542478927106,0.003986789225314287,0.0031252280212786636,0.011759034932655024,0.057607812056548004,0.05575320774223165,0.07426045917217851,0.06558642792859104,0.07395933302119216,0.053819772822717375,0.05106278677073066,0.05730869768399074,0.08264488802334366,0.02298258964584643,0.06167589199048094,0.013155876378002838,0.007728865392175569,0.00855266364041603,0.016183159771740292,effective
19,0.009806780910529922,0.07368374140259322,0.008295090686988226,0.10826755610478817,0.06889500140976883,0.00952277292146422,0.00905847474726746,0.00977992062037171,0.010339444315581224,0.00675327882106251,0.0008852385825921777,0.00672010524724319,0.06037921823841946,0.05635520994265203,0.06009920639232073,0.07623171155121676,0.07489702025372744,0.05372867884532094,0.0527075800099312,0.047960201018303075,0.07174482991639287,0.019670862771415012,0.058045212622922726,0.016231521845508107,0.010477551578039168,0.007017524591377559,0.012446264652201958,effective
20,0.0073969463404217955,0.07460046104817633,0.0075427842827409915,0.10968202767446884,0.06720346472216188,0.007424400737145844,0.010688572878904146,0.013014142992405976,0.009656290898073678,0.006920748183669019,0.0031104273579355356,0.010545984851534882,0.07029014587467232,0.044639756830862264,0.05814055751962344,0.07611145950008183,0.06892266925992899,0.04469684281828207,0.06542028255134923,0.0607752543244437,0.062134051984770476,0.014275242317341391,0.05910428458737296,0.013375086667429514,0.00776725815293001,0.010281151180640118,0.016279704462632882,effective
21,0.008739991332735082,0.0737319434630642,0.008823586996070705,0.13521719716731045,0.08968449569546796,0.013615980758367414,0.01666470679227249,0.007163526739701022,0.00556593665532764,0.007513051576617484,0.0035398508349709134,0.007181171566594402,0.05063794336399654,0.05271237059691977,0.06304237052493104,0.05555096243604778,0.06616711792513791,0.05666934091366148,0.05782563837543881,0.053353953806921546,0.054250973815268895,0.013106823647459041,0.058622014553076314,0.011883233292209451,0.008875291617601267,0.006830221623770758,0.013030303929059602,effective
22,0.0077020195900487035,0.0764396153809162,0.007077306095087752,0.09957317315951553,0.07476990846431449,0.008293071264751468,0.007836906368313988,0.006072579333468262,0.010343124360790441,0.01032005335949301,0.002530822696926534,0.01818112016601201,0.05879436216662381,0.05537322047786711,0.06417239879301734,0.06376793980371773,0.06559486440474477,0.04583651546149128,0.061546985801843104,0.061028169013773684,0.061076075040819446,0.018855852541375437,0.07131353451197306,0.016601899278834167,0.006630591709956436,0.006640917752125942,0.013626973002198353,effective
23,0.008059433417654367,0.06181978724490867,0.009795528266199767,0.1025124945632642,0.0744079346995124,0.009180513195711601,0.010992942201248494,0.0048316031885112165,0.007438284594360639,0.016862549229248992,0.004226969238213824,0.014344905771115943,0.05450956605692923,0.06230128069267537,0.05458483569087545,0.057798720824388646,0.06904529364755135,0.04327315391795137,0.0629901971125209,0.08000594136660874,0.06631647646273069,0.01587899073430801,0.06232410713368302,0.013588032078157161,0.008821894175878168,0.008060830539640563,0.01602773395615126,effective
24,0.010201187058132808,0.07762263250072543,0.00891392348663098,0.09996083000049594,0.06095312727301435,0.01359973997594706,0.00910735897916702,0.009141979761685489,0.010400561256322962,0.005870270355738961,0.006023873042378757,0.02662970419197071,0.057766799977086204,0.05005578612635357,0.06298756384289228,0.07106851715926517,0.05927313075803837,0.04766973852193863,0.05469881771853343,0.06487848309120392,0.07198812959038807,0.018985838789461355,0.05885756251364679,0.01136306030780151,0.00800422640946922,0.006659024294609498,0.017318133017101615,effective
25,0.012849570189275357,0.07210343984392036,0.012113319171124246,0.08798694932118414,0.06910971383807374,0.00943480354365427,0.010920249839105145,0.0063380457307965375,0.009006332770277178,0.007326350672217538,0.008122103484168038,0.011563896198816639,0.059317423787734594,0.057766229155977546,0.07413014793835238,0.06957841838588594,0.06255896814905865,0.05733182689390736,0.06180887764497787,0.05738891531177998,0.05678625702551785,0.01996640415323331,0.06134447660868316,0.01194994104195336,0.012809701736972736,0.007382044159721958,0.013005593403630125,effective
26,0.009436733684007343,0.0765615734981742,0.007929272603251153,0.0889564318587299,0.07350747222795846,0.009150298005510836,0.00943345048573892,0.00802463059974187,0.008429642478753177,0.009219458101198312,0.002583782238323017,0.014060261628112422,0.06755279425841634,0.04652318293397875,0.06725171304705034,0.0577850975981148,0.06954821895330458,0.05367851619184011,0.06357259630040994,0.0655262679305385,0.06161243079310263,0.02048183395683026,0.06702361409625282,0.017062211258322642,0.010393269186135527,0.007671995604728602,0.007023250481474519,effective
27,0.006851337199510492,0.08283128648717353,0.009945021152914244,0.10046089032687236,0.06423682046744875,0.009998283079579293,0.010836270914864722,0.008029169157081168,0.007014379426832261,0.005483324218073956,0.0023098431431288254,0.017006947060484875,0.06339659766952316,0.053661811125397585,0.05599538972545646,0.06253322410085722,0.06526660883359986,0.04970814505067552,0.06434121251088191,0.0674846667769373,0.06077966015761161,0.022687196276768,0.05783347273072529,0.01719278389134593,0.007359362771551098,0.010986738220674565,0.01576955752403013,effective
28,0.00956894785843899,0.0652864558594973,0.012287217153251803,0.11846017418004774,0.06439497710430049,0.012204212430511428,0.006746629291158977,0.010001357492697087,0.006570760961804107,0.005072438014237909,0.0014688886668235304,0.009512907875184906,0.05571579205636529,0.05343897372396596,0.06737422913480869,0.05583167646442543,0.07344709611650402,0.049809242524392755,0.05396531362825651,0.06313649514082958,0.07696880769487414,0.02112578575859799,0.06089183124549694,0.012602698210070517,0.012644961696523,0.008305327216708291,0.013166802500226673,effective
29,0.00985279860879129,0.07340775528642532,0.010236506662915978,0.11229098488287578,0.06219688957367799,0.012687409277775117,0.012963054291381402,0.00980781418840819,0.010203856012823188,0.005314612441506319,0.0024128973513576424,0.02395027382885467,0.052528213501606844,0.04750304823432455,0.06562833162180844,0.06594788529019138,0.06760346570291567,0.05320422793794397,0.05324135529725796,0.06563356392764025,0.06123176818102899,0.017591336040554125,0.06219233134314976,0.008857674559719893,0.011414428507521208,0.008544340484380781,0.013553176963163258,effective
30,0.00824983249448808,0.0698885307441578,0.011007800264358292,0.10930647353883238,0.06090493335798116,0.007888228832798057,0.008670750112877016,0.007146251806378119,0.006839427249357481,0.008641366763973963,0.003825244929588481,0.01265909174110973,0.06153676064181326,0.049567213761968223,0.05749206480789305,0.060796583416433014,0.0653931477397339,0.053126538596328425,0.06059041744691849,0.0861052276596697,0.06114563410841706,0.019647492108702633,0.06261325409262503,0.017375658834705446,0.00817577646587051,0.006322442932246564,0.01508385555077403,effective
31,0.009354627604077558,0.07316595351219564,0.010856643403502177,0.09192929013530776,0.06157043499859311,0.008292807243396502,0.01032821984113462,0.008534618114546663,0.007799395617963425,0.009498187101936765,0.004140292450029231,0.009344647204107352,0.05872190037529654,0.052677179047171264,0.06579151249309835,0.07689651107196871,0.06699979803491282,0.05376587524641944,0.06500452186805743,0.06938595222217159,0.05881765457757534,0.014675426727452201,0.0607030171011237,0.0175827569883442,0.008634744550492674,0.0073748512515999405,0.018153181217524923,effective
32,0.006465591733607453,0.0871848598582594,0.012860624006377198,0.10592139257526194,0.04947168218152655,0.012642086241465771,0.009907249484894305,0.010255965879180692,0.007404331155906385,0.010777916782412127,0.0034080832379822876,0.009790024986882027,0.05802452872600245,0.05225867082101793,0.06308291838708194,0.07211655146022088,0.06367506987761047,0.05445800961785099,0.054941520635427336,0.05578314338471973,0.06441005154978263,0.01862797595045656,0.064223896225553,0.015709484761598856,0.00823621451313036,0.00784848116466231,0.020513674801128378,effective
33,0.00867638395978503,0.07637546729470264,0.007213104990679684,0.09596138558346312,0.06486324757353071,0.00875347869507199,0.012471364340223995,0.010086658630152236,0.010573023048198035,0.010600720626056584,0.004522658102797715,0.00859593730307022,0.0584400923444349,0.04628211556787883,0.05840596101840274,0.06320941668892008,0.07526670587490243,0.04492357934986563,0.06152378754885324,0.05689270040347773,0.07028686026900395,0.01737258501071227,0.0683187023348381,0.016646778961100332,0.012230315849755617,0.009601105890815661,0.02190586273930665,effective
34,0.0074089555300764515,0.067000684376492,0.009153772177009694,0.11319119731594199,0.07544211249811934,0.008210936714187978,0.008976029435922918,0.007768833524654817,0.008263418078530062,0.006548094566324663,0.0044651883629352246,0.013344147281434408,0.05716964262373963,0.0531368995799886,0.06077171980748309,0.05642806388441003,0.07405415627875508,0.04737345959994084,0.06848805121965885,0.08014834083252213,0.057887577493463536,0.015308150838703091,0.05831958633578446,0.0105492866687448,0.009766364481360344,0.007620857472238846,0.01320447302157702,effective
35,0.00773786647468908,0.06508377853465974,0.008687289290352077,0.10135553995335128,0.07847908560358975,0.008815908017600778,0.007988982181428348,0.008969517758635656,0.007531067936218284,0.005818879971083154,0.0026316298967290126,0.007936263055984107,0.06297220232138186,0.05051689885968598,0.057008891422137234,0.06622065563428876,0.07659880516245415,0.05218431930817826,0.06752479667458633,0.07034949441851712,0.07064783775898775,0.01580454516421936,0.055722242751985555,0.011787307144371513,0.010181844130827202,0.006567329097677853,0.014877021476379903,effective
36,0.009876929228415258,0.06831531372357658,0.007949727190964623,0.10556555879018914,0.07583444404480971,0.00932050500147938,0.012824304214982828,0.01200647508682829,0.018317173555500235,0.0067148942407615,0.00328709818750025,0.00804860519167907,0.05697995095058005,0.0493046621610979,0.06723815070541925,0.06047344730095591,0.06854897291347807,0.0525625219572287,0.054439873006446184,0.06415945075107511,0.06299995117050569,0.016834866308025328,0.05874921743490904,0.01569205262102418,0.01002586755318458,0.008844694826569076,0.01508529188281403,effective
37,0.008355638534912098,0.07444176855070801,0.009780406150762526,0.10621486994006568,0.08646864015656426,0.008434514465515831,0.00885835582827898,0.010620883995712293,0.007936459577038328,0.004699625379755512,0.003077895878417452,0.015028784025120053,0.06531984764756629,0.05343294777711942,0.05891153073258766,0.05996398034497225,0.07082417947612844,0.04552023510995003,0.054699550012883236,0.07594095582229936,0.06506623627248405,0.0225023508102393,0.041830488641476496,0.01078789301682743,0.010823560169493481,0.00818287909775256,0.012275522585369156,effective
38,0.00883194566670654,0.07493877927547707,0.009012428133515901,0.12096869210982822,0.06385290839144617,0.00673155925964265,0.012347123090402475,0.008231210264323824,0.008371061887506899,0.010489279739509316,0.0029035007362345874,0.015315359157429289,0.05222724879256408,0.05157958768786165,0.048590818649185984,0.06641228222031856,0.07849947003369397,0.04884855217648603,0.06154498285889043,0.06181568753502358,0.06487980444320508,0.01775269384108486,0.06451897560114242,0.013081473284712519,0.007560990971496197,0.006398730345496707,0.014294853846815161,effective
39,0.004995366091175182,0.08981126311032205,0.01047964518673296,0.09847870793746427,0.06653497305079399,0.009713383435125691,0.012997865734051232,0.006917490478310469,0.011200098484444636,0.007737249271311843,0.006011259572551015,0.01109357367804377,0.05871560608861616,0.052369954017300636,0.07020021126267006,0.07137633466647181,0.06385559597866333,0.05408570313714951,0.05972365688610041,0.06204018045161945,0.05332071093114707,0.018144304428887335,0.06368015659655252,0.011352595169663502,0.006905625165742958,0.005963861995873353,0.012294627193214723,effective
40,0.00828818304200834,0.07920864294962755,0.008565040773037547,0.10716935899182349,0.0799279797271711,0.007978288312037124,0.009018867930936944,0.006919280307385043,0.006455573959281061,0.005785012297162186,0.002781899063103073,0.01681465692294964,0.06683921139609954,0.05895087694410388,0.04696308148690966,0.07156697619303176,0.0678187367157483,0.04224416622550252,0.0649117107017905,0.06837217247929557,0.05392280753007855,0.01703619487849027,0.06109414966501251,0.014708142301140885,0.008091601958748501,0.0055960223145242695,0.012971364933000377,effective
41,0.009359655345706777,0.07320185729946257,0.010310838539133987,0.0993485136709377,0.0529163145006144,0.012637172878418874,0.010655871079071367,0.008668023616397786,0.006855695249443547,0.011466633514299274,0.002875974812961749,0.019438925030028975,0.05961001501009438,0.05444476012767265,0.06333350285560822,0.07368222560296513,0.0708235833380266,0.05581455884693216,0.05684545481706463,0.06483845262925461,0.06100930976826487,0.017220593983554442,0.05753504673013087,0.017031920677288682,0.008660012215117675,0.009059940044390855,0.012355147817157165,effective
42,0.007673334130824724,0.06260224686655479,0.010151711273622957,0.13712291470680796,0.07626351830646881,0.008897522104499475,0.014000595617492518,0.0035697245411248617,0.007186742262179986,0.0050691632971015775,0.0018604941627833665,0.014654937813303827,0.061662532035772016,0.0440643918719317,0.05923629283614757,0.06720679861131168,0.06216027824179387,0.050644154040039316,0.05581979481759517,0.06383962217525403,0.06216373559698463,0.016009671150487854,0.06599064325510094,0.010590433077193075,0.013061033714689675,0.007966256018019547,0.01053145747491417,effective
43,0.006362539227882233,0.07367083555231932,0.012007699919526294,0.0920610372640303,0.046532414362051466,0.011035164648677931,0.010476286561087574,0.006342434855142723,0.006542990821998875,0.007391094203387999,0.0026541827089845756,0.013296911502086886,0.059417778926617475,0.04896201080869566,0.07610245331528846,0.06480325165544185,0.0758102009566229,0.057505810244109126,0.0634508235673555,0.06562292344596303,0.06320951672456947,0.017532377624523955,0.0628698099901748,0.014205454718905487,0.01786880846004965,0.008432291584856881,0.015832896349649357,effective
44,0.007885894224749243,0.07475417238514778,0.010214742115655697,0.09730962310317387,0.06737153395319749,0.016129994860108455,0.00966897510265858,0.007809340717841677,0.007420204309631555,0.010336883644634762,0.002433788840061294,0.00959555307285062,0.07302621205674373,0.047351768107900157,0.060669279589716636,0.07166855409331312,0.06027869361239089,0.05864650622540436,0.06458091535898781,0.061435775191004634,0.0595320710748372,0.012049230901773724,0.06847138251600328,0.011785857076450057,0.007687856454771051,0.0079537724086497,0.01393141900234261,effective
45,0.007052789507071574,0.07015525655598168,0.012819761851015526,0.10177926262173427,0.0694011177815007,0.011559113366641399,0.012156820983462642,0.008456579600939035,0.005277843772254915,0.005935410032209809,0.005743244930098376,0.010595065772425458,0.0705239355940469,0.056912829680802746,0.07887808227563518,0.06022408298215863,0.06017230004650998,0.0482346557820361,0.052073798407524775,0.0701826544630045,0.060607844730616305,0.016397411692685823,0.05947631748519486,0.014383400185433139,0.008469961454869716,0.0057271087922191564,0.016803349651926838,effective
46,0.006622729403601524,0.08401411678562562,0.01224283326672303,0.09109588259870854,0.05557713068766474,0.008429364424553555,0.011825905734286409,0.0072567232625466395,0.007642501303065514,0.006272555248014004,0.002980376482146331,0.028309022445488167,0.05197339062753814,0.048726440607245944,0.05487879896161682,0.06579429604389583,0.07460567166051903,0.049719321488607665,0.06022595604082361,0.0633978434374116,0.0689057569231566,0.022859530786975762,0.07114019791510964,0.016370903326203903,0.006825085441267649,0.008686783893448728,0.01362088120375505,effective
47,0.006023424403584893,0.07695824046101706,0.011004021191077323,0.10422439686522211,0.060683078538222156,0.009781116239650675,0.008747021873317754,0.005459180128837526,0.00655418978844815,0.00841559952566379,0.0034474819236018257,0.008806560304802284,0.06132927656426307,0.04816374745080463,0.07086258421141468,0.07168074245288206,0.06535997023486295,0.04707621119576378,0.05397741263589642,0.07172169369905185,0.06127700096368257,0.02357370118891807,0.06551196367728639,0.014142229523847766,0.00902512647159671,0.007243139300665872,0.018950889185617555,effective
48,0.007635525836803785,0.06566584321752393,0.013241752928165477,0.09623094109007155,0.06470894913172467,0.009760222413625312,0.011706825342090863,0.006088402240160752,0.008981133414066865,0.00665293642539482,0.0027772750831523774,0.01828137569105281,0.05291345780244047,0.05190732945542032,0.05984382441962167,0.06691740964911416,0.07846948007353018,0.05428423354381772,0.05605948783347827,0.06909512035142297,0.07127974420629975,0.0188809036091155,0.06557636649707033,0.01165690448959575,0.009711679711239395,0.008040743392430702,0.013632132151569592,effective
49,0.01099730100058228,0.0716558284333883,0.009000723792223844,0.11852792910986278,0.0645557892452661,0.011025493824711605,0.011473931494212341,0.00800002689455416,0.011475165767055167,0.006855173402163834,0.0022278477107485367,0.00823356487819582,0.05841512751691992,0.04983895905712667,0.06335030452448305,0.06485229423579839,0.06757305701806035,0.047779168611483826,0.05685780645791971,0.06209899346636399,0.06166192261249609,0.021465295737516852,0.06164330401635374,0.01554948612413157,0.012814718168023253,0.01055782749241014,0.011512959407947752,effective
0,0.009156191651797877,0.07982811425742128,0.010200410643958156,0.096154471679038,0.04818545918679253,0.0072395026456585415,0.00766973409167674,0.006297959967522818,0.005830119319699493,0.006552130548764701,0.0013824245598901906,0.004791902968952569,0.07603985350117284,0.060018115732449494,0.05550226572914287,0.05602130386255288,0.06579795255363824,0.04997555764179741,0.06180066558434912,0.07525310790596455,0.07334751146175038,0.02481578140564915,0.06301075226084153,0.016919772250630943,0.008097506753314422,0.008680663334494132,0.021430768501078952,markedly effective
1,0.010123393267409443,0.07509582042775048,0.009757983910108617,0.09526819869817654,0.04666018560330515,0.008160383297661833,0.007969641023901583,0.008589829032692836,0.006056525835239693,0.007496697088747447,0.00693752052207395,0.0048227889890266,0.0598793736734369,0.05696222920375218,0.05808960201617005,0.055308226975924676,0.08025620235804684,0.05455797311453308,0.06390448821308771,0.05944347558127598,0.07362641940576992,0.02370554267274237,0.05913099247683454,0.014154722320651061,0.013576504640042817,0.01053841799837275,0.029926861653264965,markedly effective
2,0.00670317622280392,0.07808716462555398,0.011119372668068218,0.1328925222063707,0.05920036012639259,0.010770892286047624,0.008123368801797662,0.006851763166923253,0.004023195066666001,0.0061638832147600485,0.003057628110127719,0.006462884130903495,0.060932342588314974,0.05354987842759544,0.056582900979129,0.0629466774951766,0.05558177538259131,0.045210794784825474,0.06451558041451623,0.07025395794551742,0.0629903724406692,0.01790203462417266,0.05965184645318281,0.011438185364012261,0.00789066161651765,0.013537496995705051,0.02355928386165876,markedly effective
3,0.009607516980197673,0.07711787878403671,0.009976135053292057,0.10096413372674401,0.04278589876523492,0.008284118007962886,0.01130867271553745,0.010125824145247207,0.005362288890571386,0.005326760609924231,0.002530428796984636,0.007060592551784281,0.06581433941167263,0.060598248354243676,0.062363691722245124,0.07821245914178793,0.05581053628769162,0.05066207109954389,0.06431474383311532,0.06673335739839295,0.06969432938703583,0.022173354259667367,0.05789253197425563,0.0166065163405742,0.01146964347911396,0.008216718621479902,0.018987209661662556,markedly effective
4,0.01360539522455319,0.07287058900329234,0.008654854933159203,0.088057621020585,0.04564895773584674,0.010241052948263961,0.011044662834194075,0.008558138214234906,0.005023833047701986,0.006875378033319605,0.003102192900599533,0.0065270947746134825,0.0733486805166493,0.0650741143815914,0.05842702500469652,0.06845715003659308,0.06746631082480711,0.05358653696764958,0.0577113703650139,0.06649356348103347,0.07711068645012265,0.02320195134355275,0.06622032147645432,0.01329908480663952,0.010205059607448792,0.007278368581356252,0.011910005486027345,markedly effective
5,0.008911313537153161,0.08296383522705872,0.009294102002900862,0.08430112453206583,0.05483917815981628,0.009624722105558602,0.011617836665421386,0.007019624438660336,0.0036350537841172838,0.006495121905395449,0.0014334194396663402,0.008048437059361412,0.061060157220255346,0.04965527211034881,0.05717139220766097,0.07387617383480755,0.054975744635283874,0.05036958355080087,0.0610749787511484,0.06893150167068686,0.07746597818589993,0.024752771598305977,0.054459787241041654,0.017217806278102966,0.010239324224472934,0.007650739002600822,0.04291502063140748,markedly effective
6,0.01042370449283362,0.06498004490585886,0.008648009097981016,0.10324096743337123,0.06694266763485425,0.010913895505055567,0.009442415346401539,0.008153486847731964,0.008042472912024224,0.006606603275601142,0.0025007952369268884,0.007156679535322812,0.06229129027443401,0.05641478510560697,0.056282757260124834,0.05653805207431351,0.08413005626248751,0.046441226421932554,0.06849957066867203,0.07511464205833396,0.061699160915214296,0.01941320293613972,0.05703946912394918,0.01730059249419208,0.008904740615887903,0.009261043885350265,0.013617667679398099,markedly effective
7,0.01127373994832914,0.07027654087080137,0.010153289412645119,0.11478375090244754,0.049140458666345255,0.010729278809244274,0.009080143727108194,0.007291932306639385,0.005711338222204929,0.009380200434542033,0.0062937903591643385,0.006190727887427445,0.07198748672357229,0.05368544845138893,0.061973312530592406,0.06048354844462986,0.053228935676946317,0.05191426180530742,0.0596204684679274,0.06869138893083937,0.06663936671699856,0.022827079867761918,0.05499273908275746,0.010042312049336144,0.009151637539487395,0.008634272393596912,0.035822549771958555,markedly effective
8,0.00934115113712033,0.06835075473676144,0.00983751629170379,0.10176879354934737,0.04277046873648106,0.008304523042035383,0.009183392663674496,0.014526714273139675,0.0062811225499699195,0.007733115603374906,0.004250613107149689,0.005598732907399269,0.06815679545240845,0.057968324558670875,0.0514740028208687,0.07003008661198123,0.07145522967873212,0.04400761267969974,0.07295521396769304,0.06694257296090479,0.06502560713960662,0.021449126698389928,0.06584993343083052,0.010981776724029897,0.006770972421225458,0.006626668309533379,0.03235917794726792,markedly effective
9,0.014669748767388769,0.06624854981710526,0.010826055718803554,0.10579806699119923,0.06435972498402322,0.01438971021403006,0.009119290399184132,0.008300970916009549,0.006563870801578419,0.00537533256575416,0.0034838422030081585,0.007965089686216642,0.07055102906318529,0.05720847528433081,0.06897673087282684,0.054611743425028385,0.05699099591091741,0.052090886755672965,0.054258581582389075,0.07129969094727888,0.06308077686193762,0.020168769015678874,0.06591974666190002,0.01201601916473139,0.008056751802341345,0.007686483019522404,0.019983066567957404,markedly effective
10,0.007219659131380265,0.07408834014260123,0.011882141266778274,0.10331059180722374,0.04546155812069588,0.0100543014770442,0.013064003849145543,0.007040053283493371,0.004284355934042712,0.005787684668102893,0.0036484604342323698,0.0065042679671406855,0.0661811002563502,0.05752667969516831,0.06022955933932916,0.06272876055321125,0.0703348204593106,0.05320198604717835,0.0676810596024671,0.06880064027302496,0.06021090466913841,0.0211171389753444,0.06672714609108903,0.014081888683006328,0.005507366729827007,0.012226396844341191,0.02109913369933266,markedly effective
11,0.010383161609082517,0.06277062984722118,0.013938412835688375,0.09549364126473411,0.0526047304369623,0.012143098010108032,0.010171146157697625,0.01326556321224461,0.006274338732142566,0.0071717951733632004,0.002233040226622659,0.005089774258232088,0.0660286626980101,0.05904840886728756,0.0588321601499589,0.06032324825720929,0.07142229508696628,0.05265265905172159,0.06307297015153844,0.07262982368965738,0.06823736134949338,0.024014492243036794,0.06288831235088609,0.012612050434667897,0.011206337872141117,0.008034098356039647,0.01745778767728623,markedly effective
12,0.01161459722630615,0.06957317013088357,0.010789874721349757,0.09980245156429277,0.049956855271880214,0.011482239939800819,0.00845435060888703,0.008249501430912517,0.007171160400422404,0.006781886821568031,0.004027941840456079,0.004642557320990856,0.0621383400812379,0.056124275522548714,0.062006159216475704,0.05825719850632989,0.06807496917859261,0.055286860968169635,0.06031479408731295,0.06555113209487705,0.07558629513654612,0.02477528727667235,0.06486209267155119,0.01626374277506142,0.011115514791692725,0.007982686171794826,0.019114064243386773,markedly effective
13,0.013173617901452172,0.08683308077373095,0.008731816749171725,0.10651163004087488,0.05903793067643762,0.008452288355702048,0.012865455722794529,0.006185526700284991,0.00712192795391848,0.007952276170805374,0.0035501682061470146,0.009955887936697787,0.053420689564403885,0.06280203298151937,0.055521389241234204,0.05960257326233817,0.06035170403135115,0.05727455101785184,0.05981268891281626,0.06258878269548125,0.067475769448466,0.016364384096449767,0.05881799682675552,0.010244321600232528,0.010424530839182246,0.009069414261997815,0.025857564031902428,markedly effective
14,0.0103847346129582,0.06502225404781084,0.009922151111288451,0.09869607705211708,0.08413576184373411,0.010243006462103105,0.011728978294306979,0.00944042964811262,0.005248710453478887,0.00875653288477671,0.0035820292788560438,0.002461766485990239,0.05976416071344784,0.04897041569256284,0.056097989242668275,0.053153186372173936,0.061671787007367494,0.051728970215364475,0.06719924111181756,0.06779451970273678,0.06783366037706551,0.02842773124326007,0.06278345425742507,0.013420911574672324,0.007616434796083737,0.006738498008866259,0.027176607508954648,markedly effective
15,0.0099198881721913,0.0773096231206147,0.01104143742302164,0.10339727049328666,0.04969743040701606,0.009027297434545284,0.010412512243466272,0.006686488138999851,0.007024848539771521,0.005776823691229326,0.0018230950527504187,0.004842767406957716,0.06647118981809755,0.05466663768427313,0.06814442128721993,0.061373549649136674,0.0639550923785361,0.0481345922488537,0.05376534961365186,0.06196617681715083,0.07911217300321727,0.02656277446919905,0.05886522051801225,0.015312519417350843,0.010444641140809145,0.009617729788626454,0.024648450042014446,markedly effective
16,0.009903128185126349,0.0695806839589616,0.008834672141409164,0.08933101429574744,0.05868641249870165,0.007309503235180381,0.006798626072687406,0.0068700214532873526,0.006810411273393823,0.00738958623546612,0.004600452728107973,0.006352596014669961,0.05643529179210754,0.06046574272733616,0.06535474089785615,0.06310055263818624,0.05819825526470426,0.053646250622468646,0.06470910971294958,0.07663001647579584,0.07082856414197375,0.021213042962067573,0.06979372699483927,0.014394797562994338,0.009118866058004566,0.007209215720091818,0.026434718335885014,markedly effective
17,0.010095745639362165,0.0785952651253748,0.010810603715938411,0.10873240693959312,0.0737557472225759,0.013590969150492476,0.007615516445535349,0.012828543227332753,0.006742566373757839,0.006525816050914089,0.0030158667761773913,0.004982007667427356,0.06352105859188108,0.04890805895521508,0.06383577617112197,0.07124613607295152,0.06077989893615118,0.04981494562857297,0.05544554101064894,0.06714617930902636,0.06380784816584371,0.01745676290896487,0.055214328523061726,0.012191003351104561,0.009401428714774574,0.012199722810744964,0.011740256515454931,markedly effective
18,0.006777057107309835,0.08128287329286625,0.012049242676895493,0.09294497173040261,0.054010027962847,0.00657930116923491,0.01020741778800433,0.006486269439259538,0.007089891030203369,0.0045805236105203396,0.004732985840521255,0.004677703304083545,0.06464271837095632,0.048118679236176215,0.06395443823046455,0.062077138994810994,0.05226748827070415,0.05362466784641114,0.06368826613568891,0.0768574143522374,0.08697931533320494,0.029908343731790937,0.059199947632791454,0.009895046102189742,0.006076932356483164,0.005567601104557896,0.02572373734938373,markedly effective
