,Gender,Age,Left ear/Right ear,Days from onset to treatment(absolute),days from onset to treatment (categorized),Vertigo,Ear blockage,Tinnitus,Hypertension,Diabetes,Tinnitus history,Hearing loss history,White blood cells,Hemoglobin,Platelet,Fibrinogen,Cholesterol,Height,Weight,BMI,Mean hearing threshold (affected side),WHO classify (affected side),Curve type (affected side),Mean hearing threshold (contralateral),WHO classify (contralateral),Curve type (contralateral),loudness recruitment(affected side),ABR,DPOAE response,target
0,0.00841347540116016,0.08557870164433042,0.010427303617701179,0.09424181431239079,0.05785190069354884,0.009982848540487345,0.010193655021220896,0.006563387747085939,0.00808006290654329,0.004746518850764483,0.001518666827680641,0.008797727509615704,0.06207671737090709,0.050795840094411696,0.055488136838942506,0.06310715582779015,0.07221537315642353,0.04730017762408521,0.05441171638618679,0.06505748818588489,0.0705209252598735,0.017871378902090614,0.026870670791114423,0.058460376375638085,0.012189378385925886,0.010759679099091271,0.008562397913760369,0.005685232704867135,0.012231292010477261,minor
1,0.007876999800145229,0.0833643504902699,0.008299663382360926,0.09431675427864844,0.056878177996725565,0.013579243098227644,0.013327674558873395,0.008668617958363779,0.004724345782525912,0.0051503568325138634,0.002686618312170928,0.0069081756077717035,0.06336090705068465,0.04784856894262468,0.06970244241391811,0.060909595236540146,0.06861767201633653,0.05158246310425129,0.053187121656436125,0.0675439600414701,0.05844771661956652,0.015790917553753715,0.023190657038939837,0.06138203419749575,0.01377549472709988,0.00936148874757549,0.007191149408330462,0.005952277133990614,0.016374556012389026,minor
2,0.008300457840873705,0.07388353417923854,0.008836835801636501,0.10219049560576579,0.042401866697518706,0.006747839891779877,0.006887976945596576,0.006608451237797514,0.00468965384077651,0.006370256668067499,0.0014525756159730061,0.012887099522831081,0.05632399350616544,0.055824832701279484,0.057625194134637375,0.06590422543125739,0.07261889737865523,0.05433052021331748,0.058686024413236136,0.07312109797248763,0.06796766912163041,0.020251584997980316,0.02213369218479124,0.05987537870470858,0.013514840674553536,0.007048266756709823,0.008330503444186602,0.007853930046244949,0.017332304470303206,minor
3,0.00815292384108195,0.07172874843199066,0.007522249619051519,0.10076820842870625,0.05902171859062743,0.006650781398426708,0.009649183225611976,0.009230025313370117,0.006006064389424976,0.006412865528528552,0.0020273837412934366,0.004984000698840611,0.06176977362693305,0.053522094657673575,0.06816644493990287,0.0596435799661525,0.06994785837219286,0.04779344454673805,0.06181359014562126,0.07899330857623177,0.057501914884334655,0.01600072571139689,0.026167705371257413,0.057524638263436186,0.013444347483425111,0.008840228006724347,0.008402190190604203,0.005661813044072544,0.012652189006348409,minor
4,0.0076465989039207465,0.07480829581793122,0.011070185312277912,0.09520140077642292,0.04951375603558956,0.009720797525020067,0.008565024772447135,0.007546125636636569,0.007636740916194276,0.008803826981540103,0.002797209429066855,0.014164360748470628,0.0666896857889697,0.05219071510944992,0.060720714342067966,0.06504423532412092,0.07425088310389494,0.05225584455203063,0.0579878608495408,0.062419856899487515,0.0591362074373121,0.01654567165636139,0.02218752673542807,0.05827197208515304,0.013846593062252954,0.010110053776355755,0.009856170309169026,0.006024494570858113,0.014987191542029163,minor
5,0.011063916459474698,0.07672122710032102,0.007634014079878566,0.11766146085579367,0.05965529002240074,0.007596166611392246,0.00883198721896338,0.0035885170872823344,0.010674206807915457,0.0074027181154022,0.0010476925283055669,0.004612675014070669,0.05171988896088587,0.05233891473392955,0.06558474009112686,0.06912498439898689,0.06480105759090794,0.052285424326109074,0.05853183676770041,0.06631418808444986,0.0642277741717318,0.016499186961332454,0.017863143001225382,0.05374882238227384,0.011791391716620185,0.009772141335887486,0.008271196813699913,0.007664869855138137,0.012970566906793858,minor
6,0.006330964304237816,0.09057331712497321,0.007734196276820576,0.10880442583468215,0.07095009439494361,0.00877146339352647,0.008985301276364183,0.007488641435289778,0.007001368080088126,0.006552082764402178,0.004577627248384996,0.007625296138373614,0.0637626047045902,0.047149238749912836,0.055859518098068286,0.07035740825405948,0.07393736882800606,0.060238891191865186,0.054893341675600706,0.05273603776191444,0.05394522713247269,0.014221553104665358,0.01620392678372599,0.050605712079724016,0.008907410912984992,0.00827065826988236,0.006160069162011706,0.0059221239073504375,0.02143413111107837,minor
7,0.007587115550587135,0.06895121310384801,0.009346092449843262,0.10148480574339287,0.04295689572532073,0.010687625997100025,0.010177838099076448,0.006338836458165711,0.008004190777221839,0.008837875399679314,0.004078196889175533,0.01126705407664393,0.06740884206612514,0.05866313382844766,0.08031907374037577,0.0655218606226754,0.07713951229557013,0.05473540083627113,0.05310678492362006,0.061095065105211156,0.05258912665452362,0.017165853773451017,0.020034361657695517,0.051803303765119116,0.012539729852564668,0.009842530293929393,0.009499403372377088,0.008277029478907494,0.010541247463080843,minor
8,0.00791315474721902,0.07926569593414966,0.007389016681953233,0.10462234767310746,0.05013650442568058,0.00795646817016546,0.009255210516550469,0.006262133460321254,0.0055248554268291115,0.0045138271305879656,0.0037572571403004084,0.010487456882726108,0.06504456189146518,0.055901711706770635,0.06565093317169944,0.07521985542382388,0.06917802018206896,0.055424057039398504,0.059765450842629436,0.064960218067405,0.04999425898726288,0.014188249200056588,0.022195303195124128,0.0529099860149367,0.011152773550223342,0.011834449790718547,0.0070173695459455855,0.0064618800147637915,0.01601699318611674,minor
9,0.00869180186008659,0.06878488965631771,0.008009881371142318,0.10417916133213626,0.05473608467882339,0.007403470785411483,0.010993503084110122,0.0069897963005174915,0.006837733581486264,0.0095888656111462,0.0032013335440605212,0.014598245945585855,0.0621933662751737,0.047099144691513974,0.05237908824173021,0.06579925686862585,0.07631349210022678,0.05176961438741613,0.06009913029712618,0.06987480034591083,0.06718504043714059,0.01796232757573408,0.021063738062107408,0.05053294086827495,0.013090948001130266,0.009491914015396674,0.00923165615653246,0.008812994363578713,0.013085779561556819,minor
10,0.00791778309446125,0.07829229544846228,0.010429435810145082,0.09857238114090279,0.05206005696768244,0.012165926495963948,0.00794209475481086,0.006000983077812027,0.011781351778572223,0.006429022857625844,0.002459398091417737,0.009694768531672105,0.07306844372463756,0.05309790281504331,0.06116418801891482,0.0661827270913444,0.06896093047298801,0.05447115411682511,0.05447422254045532,0.059024667197911364,0.054634577092665386,0.01506707690016571,0.02245719295236033,0.05885916984695422,0.0117364309162531,0.01031708757017382,0.0110540936823735,0.007216598038909311,0.014468038972496218,minor
11,0.005441313852351508,0.07091326585801458,0.008261455618206659,0.09039345778477081,0.05126554375103125,0.010481885005925349,0.011164221820959283,0.008481914925197941,0.008882308478235275,0.014424951956332647,0.0011263579734365765,0.0066046667814521134,0.06060256058120686,0.052923548947600756,0.07837906067510429,0.06143071902096198,0.06686121920344074,0.049100623032382835,0.06062456637905395,0.06337605133495831,0.05709427127335816,0.01570777426682976,0.024721769607763264,0.0654558423515857,0.01737255571330648,0.012533772881443597,0.00689333266073428,0.005760297739023818,0.013720690525331192,minor
12,0.008101910638165833,0.07188568301171573,0.01035608982745462,0.11479482524297949,0.062323816937438624,0.008325085667934497,0.008280307685342648,0.009143437708559892,0.01483520199393742,0.006288522929701447,0.00232639878843326,0.009230472255595968,0.061262042144744344,0.052165320779551466,0.059458018699465445,0.06250966553264423,0.07148149996598022,0.045720723414824006,0.05641778781482613,0.06986230246491318,0.05930218553584567,0.014865308785987278,0.02055779351622201,0.049680282716081686,0.01350633909087335,0.009878657709183673,0.006440717035732505,0.006469377315053907,0.0145302247908115,minor
13,0.0060844856099834714,0.07655188520714283,0.008317943674490354,0.1066254469134731,0.05350524342931755,0.008247520024422366,0.0099420502572524,0.006261469986408203,0.006133333743936055,0.007009850723975679,0.0015900102537981665,0.012505064534934785,0.055398362599756064,0.04651529659175121,0.07081198043300789,0.07086792339157452,0.06665063763424578,0.04964422926754738,0.052036911274393846,0.05150228540317709,0.06213627042201565,0.01884820243638079,0.025518591458489438,0.06592808397754465,0.020167815106665977,0.011696778007481793,0.006926029655496911,0.00802671288669632,0.014549585094639486,minor
14,0.005679986083356062,0.07764030513469786,0.0076039397834506235,0.10265624050867583,0.049718223618383094,0.01047097360882572,0.01175396401886187,0.00658621445375785,0.00894325364813565,0.009299500054651723,0.0024893919446152997,0.006497474593377391,0.06327847514809584,0.052223038436910015,0.06841263547765962,0.07276905879759415,0.06827337559824376,0.051561389104014914,0.06072499923871283,0.06695035761597042,0.05583792292075291,0.01785899268161396,0.01728638011856063,0.05571397163680482,0.011958579832058449,0.008856082824086266,0.007106692029435276,0.00966662109468514,0.01218195999401204,minor
15,0.006358228455213288,0.07812940862796006,0.008305420770133461,0.10873082059963753,0.062287871782969836,0.009347757929343016,0.009593824418202265,0.007606343470988212,0.004837288436988376,0.00687790891948207,0.0033958373974811305,0.013489282584151625,0.060153970757188174,0.048361430609131936,0.061827692083106095,0.06576912320577766,0.0676814254929087,0.05247550725247753,0.05764422689400923,0.06921844796994749,0.05678776425642103,0.017842937262563776,0.017405958801188913,0.05820168491968434,0.013713721302973271,0.009536825056167781,0.007561759942284062,0.006400699697041345,0.010456831104577855,minor
16,0.0081565037594129,0.06985552350715024,0.009827660603342921,0.08441157716969382,0.04136427396641761,0.009917992726861061,0.009083639045886552,0.006544859797414614,0.007607411516647842,0.00885603345050133,0.0029917094987124506,0.00968664350542072,0.06401709674476823,0.05161486722292939,0.06679580893790345,0.06750358418718853,0.067849849103182,0.058376802706291205,0.058751525856639626,0.06884429815067583,0.057512788608547166,0.017411535329583405,0.02933838317113029,0.06833089150213505,0.011295789446868437,0.009843928593624821,0.007865900834251866,0.006032004453268207,0.020311116603550235,minor
17,0.006706600956677233,0.08193525398238681,0.010641578987239414,0.07648333153818498,0.040116130931077174,0.010264737578022615,0.009539241045182022,0.006607704382055269,0.009059678323257197,0.007189665391906628,0.0026012141458166046,0.009067914544396307,0.07212366330250063,0.05336976273255742,0.06347969019337693,0.06594422093759283,0.07012073989249328,0.048782945300461976,0.06431984844850047,0.06557299184121025,0.06267877897032895,0.019346737950990123,0.016331760285743725,0.06630811452479293,0.013654162747134328,0.013533892668120093,0.009824119017204671,0.010142088697109294,0.014253430683679834,minor
18,0.006611664482581865,0.08171607475992676,0.007213101121638817,0.09144880675840257,0.04658192324470869,0.010702293779619707,0.00986023837523645,0.007677507337587106,0.006690568497315182,0.006376500904808046,0.005624191220987072,0.005870279687629311,0.061579715988953634,0.05130805092354471,0.05606145853488774,0.06677137624365564,0.06974360864565614,0.055065569935321156,0.05831674246227595,0.06913466764152376,0.061705322704085026,0.018278308385013865,0.022335816311333002,0.0651276665883498,0.01580107548198743,0.012307000181958818,0.009796414376983512,0.007020886162329602,0.013273169261698687,minor
19,0.006869848325552856,0.07966984362778846,0.00751364267037492,0.11081129178716964,0.05614134320102753,0.011783419213926472,0.014025755973763264,0.005793040700039301,0.0054286958109525905,0.005675229097916025,0.0010228584321787088,0.0068044082660850365,0.05961450810130598,0.05366526810576035,0.06823282443498659,0.06954071362581188,0.06210336209468126,0.053133568715084394,0.059979045937950004,0.05833449574306007,0.04907376073453057,0.013886946303131968,0.0177073754889897,0.06325849898717201,0.01018140562133894,0.010976114981567456,0.00912100744687766,0.00959178728230698,0.02005993928866931,minor
20,0.007132598769098389,0.0821076026476782,0.009233820751260042,0.10333286613789529,0.05145101445648468,0.011097265466617974,0.009421564587394139,0.005819200099181376,0.0117323061565657,0.0036051214113506703,0.0016830544517297639,0.008159596512054043,0.06290249531018337,0.05743913418679494,0.06570959460602877,0.06357936069804336,0.07228298844242848,0.05013878697651,0.06482175513655723,0.0662059754827393,0.05465876133546555,0.018048805612071214,0.01720228558203769,0.05623843400517446,0.010661588217334423,0.008435203634691872,0.007085824809456945,0.008142498467881015,0.011670496049291068,minor
21,0.009425227886199065,0.06903191124805332,0.009784192876284606,0.10272978148758496,0.0778089594008577,0.011911858526983638,0.011054457642094956,0.0072023332240973,0.004807958412916381,0.007109990640586019,0.002089398611956078,0.028044647506699768,0.06855731413494692,0.05688557984553827,0.05653541233332397,0.06005727970184102,0.07177400889723708,0.047026646270217666,0.052963963444313394,0.055292765724231814,0.05304272939712915,0.016044099281045946,0.02002037069873989,0.05732168706620171,0.011856890641423175,0.009265987025915934,0.008171476931005329,0.005577817489665215,0.008605253652909777,minor
22,0.008266979726214745,0.06994137746315665,0.008147699112936651,0.09369967081278442,0.051727086386436666,0.013832035080179734,0.011519185018194069,0.007172311801310039,0.00556353514690442,0.008302436642347312,0.0026349211383756574,0.006972691964361086,0.06292424283716798,0.04883120907487522,0.05880808410660858,0.06452918539619217,0.07115120278738482,0.053197310565883484,0.05832060880612181,0.06563723829326976,0.06546713698897752,0.01835934853355622,0.023426906306060393,0.06086177736207193,0.011199172057501585,0.008608653134844085,0.009437311859354642,0.006465118895776766,0.024995562701151892,minor
23,0.006583870064530325,0.08091660167416943,0.010281849088936867,0.09723803528835756,0.05213053906825797,0.01117588537126929,0.009808475817679966,0.0052363761623979285,0.014689498428677825,0.005313023375098583,0.002532206517743399,0.008847626376707076,0.06428180715297883,0.05765694662365469,0.0643648281265755,0.06660351926121755,0.070033110981765,0.059579306296140694,0.05951026436964126,0.06351057230657306,0.053890518703584585,0.014989192879045703,0.01839581099364228,0.055573252598287916,0.01386102664288802,0.008592895574686064,0.008848448155592731,0.0071081782692574876,0.008446333830642574,minor
24,0.006288193137272345,0.06593603224091996,0.010224414789290636,0.08727544926155496,0.048947701237200034,0.00851284209762912,0.01107374625639999,0.0075679130078783905,0.0046242943164288355,0.004531136100600251,0.002064134006414188,0.012855157302169226,0.07317192278595533,0.054320756032796964,0.06290934127006431,0.06935388191061503,0.07678203789824015,0.05713384907758477,0.05612384401740927,0.07606488445094862,0.06008070575675213,0.01734615340257393,0.022665724986954124,0.050596008091667394,0.011104096432959934,0.008330077066671335,0.009339287390901226,0.007706600828679253,0.017069814845468326,minor
25,0.008609817247819524,0.06867771003506992,0.01013559205908022,0.08579906417662689,0.04674422810903418,0.00914760534615122,0.014156389850870426,0.010021156733117972,0.007356569309819646,0.006167295962694422,0.0011710754287330694,0.010874834400863951,0.06964182020328935,0.0544579885447313,0.06355088113089533,0.06212577558265756,0.07523112531670899,0.05470701539377164,0.06873398844507454,0.07057398113868776,0.054664652349638986,0.014981468777812633,0.02228116148502089,0.06072628499669599,0.011418707973601293,0.007764495300337189,0.008150196938064708,0.007798960712762193,0.0143301570503682,minor
26,0.008962166884272862,0.08889454536006706,0.007624834211160389,0.09235406545896693,0.056106842846907,0.015139556864565964,0.011076675804889894,0.00623027199697165,0.01393669530048563,0.007459257537027587,0.0014646923692987575,0.008796274290821839,0.06394476196153216,0.05114261823702991,0.060587384121761845,0.06194028614645308,0.06673457249713861,0.048490734828849,0.05601007899435956,0.06393931798928706,0.055104476852473,0.014082247793083744,0.016185588825254664,0.05968403061851514,0.013267917440661987,0.01041732233829602,0.009100050122132199,0.007379211781655875,0.02394352052608041,minor
27,0.006942127014969396,0.07273257793621465,0.009230793651318306,0.09628991469829637,0.05210057972231162,0.008534333661281372,0.013350960549144796,0.007616831140291763,0.007234341429154183,0.008578663867876589,0.002500785096414733,0.01281698446602751,0.07145916463825587,0.053852808515777756,0.06581732449651344,0.05627431574767836,0.07302527996924724,0.04877283945118865,0.057110615798139946,0.057524829383559045,0.0652313145183856,0.02000721011235229,0.024872559161119946,0.05614145076780406,0.011109352120534112,0.009211600672819476,0.00921867680719631,0.0070706803452721895,0.015371084260854453,minor
28,0.007837806325931045,0.0661920365292275,0.008518753467697378,0.10226879540561508,0.04481617489113533,0.00966121690278277,0.012825556661922019,0.008127427701879514,0.007524322894141819,0.009862116504971215,0.0020958148996085145,0.008436551329414017,0.06590522690751702,0.05164900830535758,0.07310307712517489,0.06543871095739995,0.06942154580066744,0.04981758314793665,0.06073987830349786,0.0656285001063583,0.05495620875367087,0.01573020000405848,0.012979612833023142,0.07009181861084517,0.016003965441249383,0.013873427383223644,0.009972661026632516,0.005740465513698533,0.010781536265362166,minor
29,0.00813036657438585,0.06563681710805226,0.010712784348685379,0.10266748261082487,0.049769815433990075,0.012369406880365861,0.007986695659824414,0.006213224595600096,0.007788746615226964,0.0059975973290725855,0.0018940081883648584,0.008313655755966836,0.06738963393221842,0.05113257780812444,0.05450855797110397,0.07411715272786937,0.06758046492079053,0.04946865441653777,0.0664455965027711,0.06902518513673603,0.05642396290562108,0.015074885488442354,0.017703988795144766,0.0649316340880662,0.015435364269311917,0.0090779257493227,0.011977985540816891,0.006163181759689928,0.01606264688707265,minor
30,0.008363750466565147,0.08817510410449193,0.011813580908720608,0.09170446042073661,0.0445966477071637,0.008501609285030198,0.009698557189457327,0.008479182365113677,0.0058664134684756454,0.00429034671266045,0.0026274390157518105,0.010082757435584913,0.0675336930012426,0.04979970295373889,0.06365300441772964,0.0728591784057233,0.0736071428406989,0.05179613404114414,0.05852153060598874,0.06616823007965626,0.05851162219692936,0.014837950521132903,0.022207819865972953,0.05136194785792218,0.014418650056514536,0.010092833173115025,0.008106162088698875,0.009202823968387201,0.013121724845652646,minor
31,0.0067645985420039115,0.06668358898402883,0.007192900934104607,0.1057242806355467,0.0571198247568978,0.0076151407431917775,0.013607439686765532,0.006815857709720817,0.00841253634126996,0.0046929308847944206,0.002054287060477345,0.010660424038775438,0.06429068904597883,0.052620548425472514,0.06462447701596631,0.07147461496866601,0.07181506424589247,0.05027488202650822,0.06400559607031409,0.06493043491071082,0.05637480389884725,0.014611723245171659,0.0214959603341008,0.05768124204579183,0.011984251822140805,0.008519593236897292,0.006600156941096255,0.00741399819771039,0.013938153251157223,minor
32,0.00902428056668953,0.06681128920375025,0.00797445966095742,0.08533780875417482,0.04506758410626307,0.008156387406543956,0.013053029556543054,0.00744790488275618,0.006331010283968774,0.005620022003714425,0.0032151737251593297,0.0076495061517757226,0.05883885347103157,0.05565771638874727,0.07279178990950767,0.06787620972078408,0.07379910435107091,0.052584785358756596,0.060793603522079076,0.07817783514695746,0.05119762482860078,0.014370855369402961,0.03030611909430647,0.06792214466785751,0.013769140110564633,0.008562683718427739,0.009110297452799374,0.006480067902568636,0.012072712684240795,minor
33,0.007221923782974408,0.0727203789338948,0.01158838168515383,0.09561453936644114,0.04320476143935584,0.00891289479587735,0.008421944611315645,0.008290658794617618,0.00584930057583257,0.009520826637110373,0.0036023656499219034,0.012103632382413203,0.061898201199877365,0.054012175508436316,0.0641153070268015,0.06977151014220176,0.08295153762071356,0.04929495306911032,0.05903570617791706,0.06501863890632818,0.058255579320179454,0.015373747564314635,0.022183821150429946,0.05690186881795748,0.013424036514241745,0.008880212266020773,0.008327199532644143,0.008039987508212105,0.01546390901970506,minor
34,0.007637340512614438,0.07068513575948468,0.010125085460008062,0.10275625372927787,0.05134976566865916,0.009360281649588126,0.012020749290026955,0.005118373661591893,0.006747133586707069,0.007195937952385864,0.001826583668774513,0.0035581650859519607,0.06497522044564305,0.05526067963146045,0.05981709672348899,0.0768089949148461,0.07190060148134834,0.05233195859580317,0.06685702739940616,0.07104632591453086,0.05656043942297403,0.01509670209341854,0.0266005198399353,0.04832093301303115,0.006228667212603872,0.008377512924875789,0.009328861995739957,0.00662434185788278,0.015483310507941,minor
35,0.009680682540398021,0.06986229418108056,0.009890775777146985,0.09330286728381805,0.042603150321086254,0.007845764348922216,0.009010306083157478,0.0077388737702060685,0.00615446913346652,0.005602425329670011,0.00208741010600888,0.012287833785104245,0.06901823377151926,0.054327565456052405,0.05998111983488882,0.06940233052868233,0.08102703842608919,0.05352444140476756,0.05634777384038585,0.06464964253589942,0.058885843043693264,0.015430346097262492,0.024298251017786366,0.0636800423739301,0.014560596768223666,0.008863320092248881,0.008609110798777346,0.007225587007113233,0.014101904342614466,minor
36,0.006705223603245641,0.07384582349890208,0.00837962573948464,0.10333341975372069,0.056814055697937245,0.00920536426649748,0.012126032718768148,0.006745024559382039,0.006691504721441719,0.005057204683646717,0.0025001192083504535,0.00959393150587014,0.06589563934145373,0.05770034822614336,0.060282930362637,0.06506897081763116,0.07177496226116588,0.05272057482490391,0.05307304670415109,0.06630240466186225,0.06334078458693439,0.014633771582721243,0.01779476528627419,0.05500955554814087,0.014116015176636387,0.008889882919435363,0.008207289633516829,0.007986578295482402,0.016205149813663097,minor
37,0.007456985702165432,0.08818947804490275,0.00975957340770277,0.1089670994861095,0.05830642054758967,0.01090845124774226,0.010261784573650566,0.006389424788644535,0.007026607113047132,0.004953374903686821,0.0018385340185793355,0.005662722882194455,0.06635573542409469,0.04656762658464781,0.053906984979263814,0.07161387064164278,0.07731545233701244,0.0481630630464554,0.05847376245518221,0.06104110292514989,0.055877806679967695,0.01672952134144039,0.02581106093754706,0.05306778948316123,0.011219162692355622,0.007655812049007117,0.008539777340088444,0.007166742860926415,0.01077427150604177,minor
38,0.007484285395634897,0.0805767464695734,0.009466135475940069,0.08403464426779093,0.043137309700063554,0.006894291537161831,0.011035987139877688,0.008291556242363557,0.007955996703320969,0.006913426173859106,0.0013841131327036226,0.018932467125993013,0.06529250859816826,0.050804600549149946,0.06553339062257878,0.06419887055769613,0.07148186663618289,0.05286254688356337,0.0658135296856931,0.07300404352547273,0.06444375849607806,0.01734529023907201,0.022911175765565485,0.054361693398082396,0.010221514640280357,0.007685130436901573,0.006942813895118373,0.007402809347275649,0.01358749735883824,minor
39,0.007465729084279041,0.07533675620452836,0.009118128863308515,0.10284114312742494,0.058592382230787804,0.010279306589962619,0.008485598600054937,0.007502927188559521,0.008647583515921485,0.0043020621013252205,0.00332114901572071,0.006942605943261066,0.06217007239764295,0.0534749186355398,0.055406655320886546,0.0589911941130212,0.07472112717920631,0.055683638126626495,0.05836146955934218,0.0716859116502145,0.058035298714009545,0.015003506213490987,0.026850074872951595,0.05569575869317589,0.012347749273510332,0.010103725164573573,0.010657273893369247,0.005269671573823695,0.012706582153480915,minor
40,0.006913874163212262,0.07025163255322438,0.009943892728398844,0.09554913834393129,0.0572567220851319,0.011068441843691176,0.01298601862471512,0.006941210222872334,0.007349449013949553,0.005247980210026168,0.0029491714096006386,0.012032471965416121,0.06444256234161543,0.06058815719531689,0.06611526892857521,0.06030096601874188,0.07072665469985685,0.054483041367472715,0.0615998163285453,0.06592981802285323,0.054913394588318946,0.014748693838536102,0.01558773662614795,0.05290949039037049,0.011321738525996978,0.01113195172842009,0.009691942140527359,0.008286933769243056,0.018731830325291743,minor
41,0.0075081667772892635,0.0855678673839737,0.008365729585049062,0.10194609341524803,0.061883562262641155,0.00905455441063032,0.006964312120061164,0.0057812197348615126,0.006946315166232984,0.006086154380173402,0.0016612910316665752,0.004475617511429028,0.05801371342495726,0.06164182116443724,0.06308355805011984,0.05492494889563264,0.07432836728067788,0.053927878883512394,0.05619917426235126,0.06772042936775909,0.06394777564075904,0.016663458238357576,0.024083477189911464,0.055342332849104225,0.010419683059637449,0.0076831754964693,0.006761454519388229,0.005972963384181981,0.01304490451348673,minor
42,0.010389197632219465,0.07307372771914837,0.0093293578994197,0.10090581434235814,0.05010756488796383,0.00830570217138943,0.009448481616931676,0.00961195819116459,0.007740114730151008,0.005984937793224864,0.0014456834069155786,0.009834721235437577,0.06356449600216199,0.052837168273350825,0.06416753750523889,0.05917326276229383,0.07005959819930385,0.057556771623648084,0.06345808424254305,0.06549434450906688,0.06288077431222892,0.016363136528601135,0.026199562407780645,0.05900450560112183,0.009695043603663425,0.00849837563826604,0.008776904888972441,0.005349197432282613,0.01074397484315131,minor
43,0.008557215183874036,0.08396458370992572,0.010747219457339799,0.10347207530760617,0.05996482667727736,0.00926223140375737,0.008282785038082838,0.009042308957826647,0.00794628086565555,0.007088997802935859,0.0027548151124429858,0.013754069986549088,0.061580888376790675,0.05214012677351618,0.060081033459400794,0.05830862580427477,0.07234609171937881,0.04384699056214112,0.05622596781896242,0.06964281391817922,0.05674392486462521,0.018022361183030442,0.024454980147886076,0.049654358051607644,0.012011856941555168,0.011074443225106841,0.008795076657998089,0.007903987463341188,0.012329063528931868,minor
44,0.00491586045369082,0.08571072851848409,0.008374878110896667,0.11779351033390138,0.0606393608276983,0.006735398304565183,0.007546451801049776,0.006537899032885613,0.004997816862594893,0.004977650872437739,0.002337237258707119,0.012474691554144225,0.059554990260196325,0.04977761616233518,0.06146204125249097,0.05663348025785576,0.06742818249178538,0.053736153483600155,0.05169360221829441,0.06681573954828957,0.061859417437436864,0.01739063907585534,0.026867557873018404,0.057294288648370516,0.011339764150393901,0.00992140067084165,0.009030981333992754,0.006216325523201376,0.00993633568098548,minor
45,0.00976373609112392,0.06798493749180219,0.010387903664571131,0.09945220246407305,0.04880096153534838,0.008000558029645801,0.009283758162804707,0.008421148973236382,0.005946581527484764,0.007141293083109706,0.0020103605731990187,0.007809518107928457,0.06479878447404606,0.05541797789361397,0.06602645732130832,0.06359162096892944,0.07437986053049049,0.0513104133994901,0.060022450144599025,0.06355989930771855,0.053776363496401455,0.01684137763113566,0.023343934745667184,0.06375699495906051,0.013498005897760037,0.0113209947565747,0.006546306143831428,0.006626452056794143,0.020179146568251444,minor
46,0.006738241739794608,0.06668237783307623,0.008438506784154023,0.10799174832027737,0.06867908298099752,0.007732702961469367,0.00940376901832796,0.0054940867369363995,0.01130207952741993,0.011143678952970486,0.0018407531403783074,0.0033823339189875674,0.06184723337730707,0.05054612326765016,0.060743665927286784,0.06244325566981113,0.07672642585566904,0.05007153639290546,0.06318129882721965,0.0705521018137679,0.055671373046146874,0.014719629698309897,0.01764006476761231,0.04953376587697466,0.012182748328171622,0.010758386112338163,0.010917237594035189,0.006442026303401051,0.01719376522660339,minor
47,0.006420095661647345,0.08771805121171772,0.00957227592718289,0.08319963344241145,0.04026289344785884,0.013121395531230791,0.009429184282126576,0.007046513842398137,0.007187989307757109,0.005479220298737314,0.005027418377819318,0.008788067230809788,0.06553754851150867,0.0499964891829194,0.06405903327822306,0.06019795023281386,0.06880886822420494,0.05430681900128272,0.06170450055608689,0.07154375986361118,0.0590592675396516,0.015390537875697403,0.025219329731815412,0.06403193019583879,0.01193725137891791,0.011338565952649357,0.006512340473443657,0.006666289864186215,0.020436779575451695,minor
48,0.00840642685513503,0.07222406062230162,0.009738380619596997,0.10947989392456553,0.046014005202871675,0.008309846259677539,0.009480211132064369,0.0056083555428227076,0.010402439045000423,0.005329592981253901,0.002535323033968884,0.010704619850611182,0.06368562432517033,0.05290009876867532,0.06277307030023285,0.06048950607765197,0.0757226192342293,0.053906855211401476,0.06865477427802642,0.07464795263157588,0.046146537939055335,0.013417704266745467,0.02165711601743823,0.05913073508982761,0.01398156305203108,0.008633718860498654,0.00772060519664805,0.007826717036324378,0.010471646644597628,minor
49,0.0068758279949971595,0.08781355972362007,0.011382558691596293,0.09853724610594228,0.050505754191510106,0.009488053639611506,0.00932690825535863,0.0066141710777481485,0.006784523719988321,0.004489863236812062,0.0021716864850680013,0.007715014903869383,0.058897155655216936,0.04994780067602539,0.06582616820572117,0.052505024027618946,0.06665354343426382,0.05222275580392197,0.06297541723706383,0.07800240231955549,0.06293083696064787,0.01748652652871629,0.020764803333275184,0.05805183355382013,0.011194315012566177,0.00822436840450327,0.008415912026171266,0.006749369441620166,0.01744659935317004,minor
0,0.007686630921127841,0.07537356346666269,0.008634127926337175,0.1039161767359223,0.04501920557897012,0.006601950431690917,0.006369108436774711,0.008954732952768822,0.005173550451354439,0.007734161134729252,0.001217909583000459,0.00583186927520682,0.06027203831100382,0.056559270323553956,0.05995397225734862,0.07270618622241203,0.0689563000513568,0.0507856977737241,0.057480085049745125,0.06096976559608583,0.06163652745641224,0.01786724127220849,0.03113012271863172,0.06664821676156146,0.010878013386175178,0.009558382504691033,0.006396973165779802,0.0076517695656496834,0.018036450689114622,important
1,0.006896143932025123,0.0724552711408542,0.010315687716696737,0.1025945342547301,0.049650203109455615,0.0069517835106186,0.011543055669661859,0.007973895457469533,0.006243134516942016,0.004910005507804563,0.0029749988836044452,0.004944433901163495,0.06172059337625024,0.058130451091240105,0.06206088146494406,0.06416680403535635,0.0626671683450602,0.04824613899963247,0.05675633845742875,0.07225381349973421,0.05821177217160604,0.018592984108134137,0.027074277375582826,0.0665465460464445,0.009379228010501943,0.007648791721147161,0.008549635980830313,0.008285921129446443,0.022255506585633796,important
2,0.00676515956498005,0.07732577350868305,0.009094399322074497,0.11253775843477042,0.055802565587254466,0.008200316144000281,0.008517633726178987,0.006164290555043734,0.005521545376052297,0.006143442085189475,0.0026474254966807305,0.006151097415217287,0.06594528235124239,0.052129954845092814,0.05747166868772758,0.05888325621679904,0.0762955843040377,0.0487496954574789,0.06308922987400098,0.06223441465324622,0.06884106245864702,0.01886579544144493,0.03206303392968788,0.05103551400384919,0.008906505934635737,0.007098578606597792,0.006710915149195539,0.007252674604223701,0.009555426265967374,important
3,0.007492537291061196,0.08136134805595376,0.01041177375996256,0.09208502590241131,0.05494289093330163,0.005639572005199859,0.007901457990309956,0.006962243619265953,0.005592949777810231,0.007073917446914063,0.002774685402779213,0.005014966014489485,0.060750190296630396,0.05728877875865479,0.059791736124421416,0.07098551575575766,0.0596949245595455,0.05002354426923975,0.05872660756117488,0.0784470260493671,0.06852341607256267,0.01880159857705129,0.030249580093845034,0.050316524904213275,0.009569207614375035,0.006120493107490578,0.0069840051674891065,0.005255602241078134,0.02121788064764409,important
4,0.0074962685737621,0.06993376397403023,0.011558111230335668,0.08567125874769865,0.042721230686902756,0.007867797440678037,0.009484091620075377,0.008201629960809755,0.004131773654642494,0.007779891385741466,0.0026852786684203236,0.0037578717373139034,0.07167770480641916,0.06556113247554295,0.06544967780379139,0.0660512789507775,0.06872026866657653,0.0534274383546314,0.06623449247681383,0.0637211141148553,0.06962719345933138,0.01953871936392691,0.024660398139895217,0.05633230932756374,0.009050742632233403,0.007693821684019135,0.007220091272726475,0.005958882470375958,0.01778576632010896,important
5,0.005021482391848458,0.06480046432694694,0.010145077069003996,0.10256308553657544,0.05474572257308747,0.007730524044380667,0.00834369851508782,0.005706164309053509,0.00522712915397089,0.007604988578398812,0.0025749078740343713,0.0075851151637302385,0.06928959258748656,0.05284617285875804,0.06773163789920011,0.060467241360776754,0.06075790150987329,0.05104383207198928,0.05759437621050538,0.07242386338808293,0.06352531307861543,0.0179276456219469,0.02241871241040865,0.0715200404471061,0.00861533593598459,0.011158023422563088,0.008508611426810885,0.006089308453103532,0.01603403178066969,important
6,0.0062530421225177775,0.07947779420861595,0.008195923473575993,0.10725684185773027,0.04750581878676235,0.00698613186572666,0.00837154754813996,0.007928155293718651,0.005624127447879275,0.006304797315335216,0.002630126615863998,0.005469328561415509,0.06371997617809677,0.0513451952539538,0.057953700732335064,0.06635763513711672,0.06721169754666621,0.05184246925443124,0.05702029090537997,0.06494717824970908,0.06562560856470398,0.021934495834753123,0.024504155862253036,0.05549057122076233,0.009390906034201858,0.007840124792945208,0.006741580471212998,0.008701725503207861,0.02736905336098908,important
7,0.009187917419936702,0.08384223761789035,0.008779166641581834,0.08541861002899252,0.041202970774943296,0.005991586853253891,0.008269396825206212,0.00933317733768928,0.006119344360588944,0.0072126795275373225,0.0027856501754820475,0.003952153933633781,0.07080683288493185,0.054147596677629736,0.06140825383975687,0.06582324122893311,0.06113428435342636,0.05111847572722799,0.05946440075404818,0.07207738193757444,0.06782792512653611,0.02100132498092697,0.020570598505810334,0.06180351723226305,0.011579997820998101,0.009783922150058718,0.008784373611736208,0.0067452369827218,0.023827744688683948,important
8,0.007358620014744001,0.07100228802213195,0.0087204281585044,0.09998086487908198,0.05224805652565944,0.0105319719794703,0.009265738541403973,0.00982746816712772,0.005281689132225979,0.005253026267983241,0.0036979862707354613,0.004353692643212025,0.06114849672264111,0.05434572666681535,0.06755999748660904,0.05947397530357583,0.06623659800462937,0.04631510653765992,0.06264828909104425,0.0611830047271389,0.0736706589492078,0.01902936526119702,0.03311631821772157,0.05588097615612166,0.009034652213987197,0.01109036204587872,0.008184247431102897,0.008407392190181114,0.01515300239220782,important
9,0.007980008393063804,0.06654026798230038,0.009844935182494388,0.09122134067407763,0.04343460679420839,0.008460869487846067,0.009122840968082871,0.009070176547165415,0.004859997784059793,0.0058104911201824596,0.0023184356994301477,0.0054830143635660016,0.06893096260260903,0.052124743987598365,0.061029455725621004,0.06593062718137649,0.061193240175467165,0.051051563187361634,0.0651727690848455,0.071496674642983,0.05869343433786772,0.01590744217699951,0.02968792949742009,0.07338201610875196,0.011418887948750421,0.010276078468680179,0.00996597052421661,0.008344054102370995,0.02124716525060285,important
10,0.005549605734349344,0.07605436265531659,0.008375263651493483,0.08848189993636528,0.03906789984923287,0.009089928168835033,0.007986018706091686,0.0072175777944448235,0.006164806384638,0.007238231381939174,0.0025822968869354795,0.0046348388134716265,0.07164414043151825,0.0507061719323382,0.06480390262431374,0.06357153509144915,0.08659906143015114,0.05049485931645628,0.05545570045478433,0.06636291157261316,0.06598529739500388,0.01882861143370437,0.027762307064474308,0.05807408173732225,0.011876691183158379,0.01074234428044697,0.006906812476512948,0.006971274279611803,0.02077156733302759,important
11,0.010528047974662835,0.08293223063072198,0.00886902788907443,0.11217411454388312,0.050439247781974554,0.008392479225339389,0.008258440781889727,0.006857850016693695,0.005260225371323137,0.007640186394212132,0.003449661959853756,0.003309886293388762,0.05692766719999413,0.05640117539689505,0.06056943673914773,0.05910741111826276,0.0616074427858375,0.046430306296363265,0.05415818263381717,0.06677316127299499,0.06776717011139484,0.018739425125954823,0.02356674902708192,0.05755746966692848,0.011808940162829448,0.010157978229509663,0.006574989240299475,0.006120983817288638,0.027620112312382657,important
12,0.00892451323327789,0.0833184233256004,0.014024651307012508,0.09373964952340799,0.04819387885903031,0.006085213400837948,0.008110518886974099,0.007034921021204916,0.006911544198597572,0.005376351621979651,0.001762851226814878,0.00474110374592378,0.06790365384472233,0.05190705573252767,0.06202732427925963,0.05791846034834892,0.0681623487097608,0.05395299387368497,0.05886358843135397,0.0748481449750855,0.05401928286560944,0.01842040227980352,0.024247749925410966,0.059439957131495316,0.015988102124262143,0.012337513077593286,0.006471791988371995,0.006461904628410051,0.018806105433637595,important
13,0.007511249345691781,0.07965931300771481,0.008379187900744307,0.08716169782186407,0.05379080821102611,0.008194812002992042,0.011291512347984263,0.008053106120791471,0.0060845617895401985,0.006917097239923975,0.0009861241895802717,0.005138542109907795,0.062041607458152466,0.05930858855398871,0.061556608262453655,0.05717035642160259,0.06636648717585457,0.059079267397943884,0.05790417695237525,0.06650907039051251,0.06599969917297556,0.018732639491185973,0.026754568277340914,0.05201952392844948,0.010757097843138925,0.012454369226464486,0.007244062393657401,0.006245899455262616,0.0266879655108798,important
14,0.006411952351741962,0.0682349825149371,0.008059137259494335,0.09858664009608954,0.05203684721175291,0.008700890801330182,0.00947849294841923,0.008920733706317869,0.00540227649840887,0.006595552422916941,0.0019051132721916155,0.005391324422621618,0.05817955828619614,0.053442294365721246,0.05611390620761055,0.06479875119263852,0.06957070704118566,0.048684869237080146,0.05886598431417629,0.07207874693816986,0.06715668525218867,0.021366590523336018,0.029005127572167066,0.0636403093677548,0.01284483784860052,0.014100826722772622,0.007147222816300967,0.004698157917751767,0.018581480890126914,important
