,Gender,Age,Left ear/Right ear,Days from onset to treatment(absolute),days from onset to treatment (categorized),Vertigo,Ear blockage,Tinnitus,Hypertension,Diabetes,Tinnitus history,Hearing loss history,White blood cells,Hemoglobin,Platelet,Fibrinogen,Cholesterol,Height,Weight,BMI,Mean hearing threshold (affected side),WHO classify (affected side),Curve type (affected side),Mean hearing threshold (contralateral),WHO classify (contralateral),Curve type (contralateral),loudness recruitment(affected side),ABR,DPOAE response,target
0,0.0087138279908578,0.07390920067670036,0.007590073158833761,0.09468749892138084,0.05162525174440361,0.007797492159932957,0.010013313933446745,0.007372971422333391,0.006156454227255503,0.0049915970223716275,0.0039042714687833654,0.007356856056781589,0.0617127772285309,0.05045166444394799,0.05981613923259552,0.06384439336116958,0.05940104663247935,0.05047170116777639,0.054886804970497964,0.06589776890918399,0.06937070083957053,0.020266484127048134,0.028000257903714635,0.05731429071657743,0.011043093078164208,0.009772133621658345,0.0076151842438861505,0.014830155754262686,0.031186594985854632,minor
1,0.00845916095618527,0.0711223922439758,0.009105466624857526,0.09476030215631089,0.05714754589055276,0.007346764817729651,0.008407121784200049,0.005692214177024263,0.0061122103718162,0.007146425340101952,0.0028926726401246544,0.007480497296673936,0.06832416193455446,0.05303374342974153,0.06540441478564415,0.0717215880503072,0.06531158992609533,0.050029767464803594,0.05622230730480943,0.07673728111686334,0.05586670161446227,0.015111902192990632,0.02063418905113786,0.05561258499412711,0.011307650580729736,0.0109686237313408,0.00888710014476087,0.009449526322209498,0.019704093055869336,minor
2,0.007320903072825444,0.08399930914122998,0.010829584074132656,0.10369581892653429,0.05408526565223193,0.008733340497730847,0.008292193997230775,0.0052661998204913815,0.00635317093441463,0.004976878113690606,0.003142394403937072,0.006956015167451706,0.060715203584600676,0.05369386765120125,0.07443050408284431,0.06464239053697345,0.060484266945171755,0.049794586210796174,0.053534192162255224,0.05787249236789438,0.05045484633432996,0.015964929954726176,0.02159447388146793,0.06318830282629195,0.013769604755162802,0.010935254782069005,0.010308462112354866,0.008687740444982979,0.026277807564975896,minor
3,0.0075638608552752494,0.08064244546860401,0.008601077789605819,0.09180435975569765,0.043381370730951295,0.01331532005115338,0.009608459633280267,0.005790299901137721,0.008233910077820114,0.007467353544419267,0.004180888309624444,0.007184105584162101,0.057623643143363594,0.0510390060945719,0.06107372292247196,0.0698942398983383,0.06409690679241313,0.04643202084692982,0.06035288662682208,0.07155515891980775,0.06667262475637105,0.01572164046491505,0.017103709800715575,0.0605850207869836,0.014987702390785422,0.010136117013359074,0.01030234499083092,0.013530981449947637,0.02111882139964187,minor
4,0.008086110235152245,0.07531006035974483,0.009002875677134918,0.09416864508264271,0.03865849599993721,0.00817610418670017,0.010207786473690856,0.006584526922826956,0.006935251887949664,0.005257990176381049,0.002164859546583207,0.006925447893153835,0.06779431097820765,0.05490593527282142,0.06280754264431136,0.05822130703445953,0.06867479902113825,0.057756939458849944,0.05943474734057316,0.0656561104634079,0.0696910483845124,0.017383342787873575,0.020610638696856066,0.054519253644690846,0.010950825884938157,0.010588445771940543,0.009583424936830114,0.011664490667342679,0.02827868256934876,minor
5,0.00864615000363054,0.07743285278103731,0.00918393950684892,0.10827219089806848,0.05997355213811682,0.010386006446218145,0.00931019143966522,0.004635934937504417,0.006419741533221766,0.005363260287360806,0.001736108628274213,0.006641236803905318,0.05425055138023295,0.05094167959212886,0.07692628206583,0.05507754106724568,0.05977484100140533,0.052653651447106695,0.0544950779987532,0.06617064783926051,0.05688797679609769,0.018938966093864803,0.021486062747657405,0.05997294515388297,0.011851503001168944,0.01043412185683243,0.009964116311592162,0.013321744713829096,0.018851125529259324,minor
6,0.007024990748116825,0.09129571917237624,0.009385662372027662,0.09789630999187526,0.05596076601298037,0.008417937821104372,0.008367528542971656,0.00532712518205495,0.006709229567192529,0.005443506248199724,0.0028786253304350163,0.012535806439557155,0.05336801065848177,0.05073286735869077,0.06384753274105016,0.060922045006187954,0.06590482445660237,0.04770582932392727,0.056336249306639635,0.0698940170128773,0.058019863445396044,0.015168515474561084,0.01863511194027753,0.061927355428323366,0.010783930109997288,0.010052836870387986,0.01019496991663121,0.015863329664956002,0.019399503856120826,minor
7,0.006596095925639057,0.08312618837331849,0.009382232779603247,0.09680367180756941,0.05770525199626232,0.008748318171256283,0.00991250180202565,0.006593757298649576,0.006336662076869714,0.006361286328334687,0.0031397952878634396,0.007205944523644735,0.06041750817131506,0.05268849452100976,0.05918026189313413,0.057883262005453594,0.059419958991343794,0.049987606142799165,0.06441929197210723,0.0640829989464699,0.05672886189166389,0.01538034313094914,0.02075988938727575,0.06427679307230169,0.017122376788241214,0.013300477624810451,0.00860899683495786,0.010908168738358072,0.022923003516772494,minor
8,0.007882532223751963,0.08132595827817972,0.0080396371006994,0.1048268815048997,0.06014038361570005,0.009837480081193005,0.009841951711996082,0.004912926494984062,0.004770984714526129,0.005137395665424974,0.003995453290187225,0.010159784933218013,0.05688387004744269,0.0589854750910005,0.053432165467301306,0.060217281322848815,0.060181677051397986,0.054166685084618846,0.059870401428183104,0.06202078348145596,0.05864580452462179,0.016754345057000124,0.023245527840083224,0.056032681847016895,0.010284327497374634,0.010090824441736458,0.008071318544780272,0.011768613211651166,0.028476848446725947,minor
9,0.007233526855539023,0.08355888176424142,0.008773879880572929,0.08286186899033757,0.04173399219871913,0.00918172358711957,0.007785135877739934,0.007221050441924668,0.0071954794052759225,0.006183638599208094,0.003660175902436195,0.006605900385841211,0.05849807807432627,0.05485051217863799,0.060920366998958336,0.06689031063505037,0.06840724450151053,0.052923368255655974,0.06008128124320952,0.06411358856387624,0.061070744367549896,0.01730610378779575,0.021969063475940156,0.06862659050828666,0.014489034839547438,0.012680654300790701,0.011532161191739516,0.01239981240588066,0.02124583078228831,minor
10,0.007608118640862634,0.09530133422626652,0.007657405460177404,0.10217612300585635,0.056273859818698584,0.006410538548467782,0.01005968557842811,0.005811703189800512,0.008737443605606911,0.003743484802443851,0.002269905029230802,0.0029061593424638617,0.05613762483692834,0.05212796521701218,0.06492757080248522,0.06697048267350798,0.061481523506499394,0.05135030432556116,0.05601979964066072,0.06956324376642414,0.050496365696858954,0.015592932570202507,0.024701524042577024,0.06227421671579816,0.011973145297935429,0.01079988181952114,0.009977777115422864,0.009411504355128142,0.017238376369173043,minor
11,0.006501081328899275,0.07837402134228688,0.009628592010177909,0.10778867514474956,0.06593661754387249,0.007635237941191354,0.007003122331512519,0.006233989491151698,0.006699358856622422,0.0064611515410824116,0.002379078233131679,0.005267253713248652,0.06927125298001666,0.04869981681198154,0.06134028553072796,0.05961297224709806,0.07214154500441573,0.044969440506784614,0.05781848984187125,0.06582459993410576,0.055351044334349765,0.016045460470569022,0.020389800234833708,0.055099960590621486,0.011921724834962743,0.009222071325512686,0.009525509465507231,0.012810200040008598,0.020047646368706484,minor
12,0.007074201325635946,0.08916759520879344,0.008368551351600194,0.08419252860138025,0.03854574566802095,0.01361648499400529,0.011134187794842848,0.004736276500089337,0.008277412005536024,0.005650068276078623,0.002134020866679475,0.007370204268245022,0.06255279254175299,0.055800677516054074,0.06040663433043739,0.06304450859164294,0.06974959839826364,0.054118186541926856,0.0652563236298883,0.06787108439024399,0.06212989940899861,0.017605706972361183,0.02236252492354516,0.050873306904896005,0.011374455512127148,0.010171610476692829,0.010303671334214167,0.010984548966881311,0.0251271926991661,minor
13,0.006697837266480131,0.09040978179460843,0.009215911367299724,0.10708520978489301,0.0505671091513305,0.008651179557109626,0.00950233685231405,0.005306993731595312,0.008243703398583126,0.0055154031812193974,0.003126647827042028,0.008940925356487236,0.06302032592118005,0.05152376953052205,0.05993772540928514,0.06668148000052239,0.0658196946054315,0.05135444541387867,0.055418817618067724,0.05789563185630124,0.05407093040746116,0.014915459221694776,0.019439199310506788,0.053390962071949793,0.012193848890080536,0.012148752458677938,0.009322570439625047,0.01342094211715995,0.026182405458692666,minor
14,0.007764892917638302,0.07924457081124849,0.008799791916882217,0.09973207002622952,0.04515656415673422,0.0071021327272056635,0.009943252070285683,0.0062533431307190655,0.006802838832659319,0.005564193793646264,0.002286074182821679,0.008378239803896896,0.06517721121044255,0.05796882331993202,0.0640254848215515,0.057956483614838405,0.06453486226485822,0.05109597473737742,0.05997481841997314,0.06803566165278967,0.05696567480379459,0.01782801119901828,0.021113077653897066,0.06660830864580729,0.015267090161019771,0.010546606323723829,0.010149631599381112,0.010983768627165682,0.014740546574462195,minor
15,0.007760619310932252,0.08993777583717223,0.008759568347888557,0.08964516261642164,0.04729339768774006,0.007443542934482165,0.008995310491847403,0.00704186371606541,0.007573959412629877,0.007863443204709391,0.0025513474020104855,0.006399914942700124,0.05926513371092057,0.05160529773545762,0.06638320673237302,0.05987680684696109,0.06260004215127403,0.050293750349614114,0.053388007349750286,0.06165302149537554,0.06125440079981441,0.016804229863554947,0.021770209844023433,0.058660170315291645,0.01179124805373418,0.013673124755655262,0.010652900495577445,0.016191492478722952,0.03287105111729961,minor
16,0.007855030692564987,0.08710784540488696,0.009103650374779563,0.09796585396793385,0.04992780390203844,0.009055552182322475,0.007758553027658358,0.005707169502714145,0.006389818833855649,0.004912692351199145,0.0023537318596085705,0.005118302112034224,0.061785471891241686,0.05734323951380655,0.06179049367979527,0.05862958334364436,0.0546666010941952,0.05179194821282786,0.05304730157875624,0.06089626537017431,0.0561330924061121,0.014977977838973934,0.025223970811880905,0.07235314005409825,0.013975381383678582,0.010775951432497271,0.0074927744035693765,0.01439275021625458,0.0314680525568972,minor
17,0.008232366419067577,0.08316193259432667,0.007395205877586559,0.10691852385072778,0.06583276469066719,0.008636530840633773,0.010876049219891262,0.006241635044210837,0.008167634984944074,0.0047665833898192025,0.0022720828843346683,0.003962605027844046,0.0538920467427108,0.050775454950109745,0.06279597332806514,0.05812733842317445,0.06269630804157786,0.04534430919475944,0.056457776509758036,0.06957667761143525,0.05955038610709388,0.01746891379600268,0.02377867189082029,0.05253052147173502,0.009054435891923712,0.009807262101785997,0.010834163890416559,0.011263623709217206,0.02958222151536051,minor
18,0.0076967445222299305,0.07548483281468102,0.008675104361656307,0.08829822469185944,0.05299445241209777,0.012569460662369416,0.010512835532429243,0.007224393262757572,0.006548424433992853,0.006510898502698028,0.0026021018312725143,0.007341136764923708,0.06344050354179903,0.05161628928611619,0.061618141251662616,0.05879304910367738,0.07219633959888525,0.05272251148211816,0.05769943885451532,0.06623360475368031,0.06321061158049833,0.01745220613550409,0.018139043317290535,0.05713902635448598,0.011613619958684816,0.010924906418210267,0.009245245486560062,0.015351945394888685,0.02614490768845507,minor
19,0.006286098946693768,0.08649045846382046,0.008382922608922358,0.09636775296716037,0.05960661004281676,0.00800746163643162,0.008808053804337378,0.005239980713141306,0.007993719330270719,0.00529436484269416,0.0019210213973415485,0.003395064279785071,0.06113053905637862,0.0521702747184179,0.061828521005355755,0.058353433632231985,0.06314575221089173,0.04764856783044836,0.06348324894179536,0.06899794619943622,0.05770360684773557,0.014926626776323398,0.019569371278859434,0.06211459945742036,0.011149117999588277,0.011077836902356678,0.009723491977204195,0.010734249871871491,0.028449306260269185,minor
20,0.007469121001587356,0.07926219406147426,0.007171062914065295,0.11190260224526966,0.06742605590327026,0.009799641668927864,0.008686921622921718,0.0052275782427589155,0.00653322646702886,0.006146370017557084,0.0035935964695532337,0.010191547827470759,0.05711861940447714,0.049965541789300016,0.05911096385690791,0.057057854371233924,0.06134617458301632,0.053249793955085736,0.056900755080994826,0.06970564748935175,0.05564692061549104,0.01617321993189492,0.01867544449852104,0.053433342344907105,0.011241225508171136,0.011932373112641817,0.008622885100315402,0.012147183294859846,0.02426213662094478,minor
21,0.007323008335504697,0.09676818776439594,0.006956071417830333,0.10450787735411246,0.05390522280400085,0.007828133851139094,0.00922748103226249,0.005990687057011585,0.011628031801294287,0.0071294452491716875,0.002931112904753407,0.005372966803162084,0.054908506937495646,0.0520598896096249,0.0569137662136547,0.05943055795576412,0.06706101798301387,0.04863804774845,0.06082514085806149,0.06648973985168359,0.05445470281217041,0.016559139729705387,0.022448254740073368,0.05408206297436648,0.012860645026067166,0.008806842538356209,0.008726069225854048,0.011904560534046663,0.024262828886972884,minor
22,0.00539101749363844,0.08298994289555835,0.008241014368661873,0.11232525818511306,0.06314396796906935,0.01311116003383717,0.010749770599754214,0.004435034936472933,0.005208714473414123,0.003505896647766342,0.004474195712065813,0.00924277106783352,0.055995191266213364,0.049922059658471615,0.05907254668758243,0.057390896181158516,0.05737244916660843,0.05377452461969155,0.05068180549344211,0.05535244846714812,0.054652799163445835,0.01759359251102893,0.015066746531833647,0.07051355975825448,0.011862139735119124,0.011092760045049086,0.010982985242925777,0.01427641893776014,0.031578332151081696,minor
23,0.006830726107594728,0.08549387939938748,0.007981132356029017,0.10660092074950117,0.06317052181497936,0.009745266158196703,0.009712468729464532,0.003605521435688542,0.00711768374585393,0.006935641895855925,0.002761029598577086,0.00917549392518895,0.05928948367445773,0.0539972852351078,0.05704943689584869,0.06313413185731627,0.0621969854919069,0.048061698762205576,0.05463687152264752,0.06577640285086671,0.0490272094199833,0.015790474118185883,0.021139611713047093,0.05578185037669944,0.02011255380610883,0.012238079725964792,0.008751520535683668,0.0132201073585109,0.020666010739141528,minor
24,0.008793787164791239,0.07213296226137435,0.011618171686405535,0.09147013393527686,0.04991568923743851,0.009632830424630541,0.010579796185690285,0.0051985337077652075,0.006348751079346693,0.00682103994570757,0.0025585147206327397,0.007485867664395512,0.056582767990014965,0.06147410413843875,0.06333890533105216,0.06117787925446647,0.06414016386494018,0.05184857528799959,0.0640056358660922,0.07734050721811303,0.05276629343007113,0.014308526440666736,0.01945656603547569,0.05781962781991113,0.013338531437530556,0.010333187405530625,0.010348793363819693,0.015200321243212307,0.023963535859209826,minor
25,0.007161151067411691,0.07301870122343589,0.008258647685915133,0.09809278784022465,0.06304473228893151,0.009299556064179903,0.008916693669474507,0.007539399164732667,0.005567745122134829,0.004525215752322477,0.0026013286023527774,0.011196376294392739,0.05839177300898158,0.05526450692836177,0.061634714363080365,0.05532028171007527,0.06146162613007309,0.051123605025528075,0.05132414095778541,0.06591435651595769,0.05930032674932964,0.01894412736589295,0.028542824230068764,0.058939680500509545,0.014688925932122234,0.00971565470815389,0.009289418000289342,0.014353812626508183,0.026567890471773457,minor
26,0.006480421002188941,0.07069623099378983,0.007666423860975707,0.10661435236623115,0.057258560684620104,0.01158975393269706,0.008679326076257687,0.004812929297660666,0.006657333119679513,0.004905661242560002,0.00345327072396342,0.004985227334972802,0.06380647319941644,0.05671352860132516,0.06182916723694112,0.06244599025814652,0.06927009836476347,0.053303203434960325,0.05759262945455701,0.06716413722028595,0.05802323272288881,0.017018170781976115,0.017134211355471003,0.05334834100919554,0.010871223869852733,0.00949882691463996,0.010085965861577643,0.012954195450218758,0.02514111362818658,minor
27,0.007193276790647707,0.09078965092757289,0.009493635061868278,0.10638386760311078,0.06103889586340462,0.009849496113152365,0.008580172696465447,0.0041852789187765,0.005189405613236825,0.005475057844979297,0.0027598981971046752,0.007846895743764345,0.059478254016884974,0.051844727713327696,0.057582022343422426,0.07010205539612085,0.06885764698904254,0.05109623062652381,0.05923828296760475,0.06253380888559541,0.052228947564167606,0.014249781449910879,0.017734134944756244,0.055256143770989856,0.011322027423948304,0.011632322696622727,0.008605859996554423,0.012024919727847756,0.017427302112596042,minor
28,0.006211258640738382,0.07743305960740461,0.008725059122772993,0.10879682410014933,0.07018301243487325,0.009125539461258906,0.008096747150484817,0.003557096218719131,0.0059473105383460794,0.006176912945865983,0.0043168054097500776,0.009616089612004828,0.06854666614423799,0.054378385901981866,0.05741773550900533,0.06262021204278194,0.06586166945866426,0.04984168561494481,0.057036303512795955,0.06614634724621547,0.05034178444711497,0.014961794366680525,0.017273868717708293,0.06034597912134598,0.01026907305808974,0.010504477490629483,0.007257868901090029,0.010932893718969145,0.018077539505375925,minor
29,0.007274187642915318,0.0800041803137242,0.008776662156861122,0.09840177824307295,0.05309248020559214,0.010772412727218364,0.009030872257763105,0.005414919251340179,0.006569253648653132,0.0063427671554611535,0.0037219393255495258,0.004839914393026159,0.0635390212575664,0.053273909754173274,0.06264969143033877,0.0637068223039924,0.06353407913184336,0.06289486406605357,0.053055055826100886,0.06071158276603881,0.0581018048109267,0.01540774238640194,0.021376179299154953,0.05366364147429407,0.011114849226732438,0.011433696949235265,0.010383906541926976,0.016403811472045688,0.024507973981997125,minor
30,0.007291662973867021,0.09147734043010516,0.008588024528832703,0.095998989489675,0.04507493047182059,0.007869725655108361,0.007281681364479222,0.005340674218473687,0.0060487332822731586,0.004615508424988691,0.002843095000664455,0.01199733672179882,0.0640135034775704,0.056928442927914234,0.058617316381678754,0.06810798845235798,0.06524571017146576,0.056850302608464125,0.05727119550423146,0.060898125559190976,0.0578495315024548,0.017827964418094273,0.016664767176539825,0.05632750539248907,0.012140228069914232,0.010536200633865109,0.012209269414629366,0.012112757195581553,0.02197148855147125,minor
31,0.008646705323790015,0.07241845874665202,0.007789520525064752,0.09208943262576197,0.04943242715494746,0.009670679681064033,0.007753106895404894,0.006264984064745281,0.0067983057690879575,0.003690388979558276,0.0019375206155452691,0.006533088302724925,0.06010461571447637,0.05304750931882239,0.05894691644024729,0.060206529496558296,0.0640236281161509,0.05274128518765311,0.06037930608847061,0.06578662480665168,0.05526586954770118,0.01660030232765183,0.02076941983365058,0.06664866214980848,0.01977667943744681,0.012381737446804169,0.009837057369282004,0.01704528775318329,0.033413950281094236,minor
32,0.00634754060569824,0.09010063519553675,0.007859437322520547,0.10251998968069481,0.05557767612332682,0.007302282215503214,0.008371908136690637,0.005036922038565823,0.006262311115962232,0.00627781222482993,0.0019275252152173088,0.006760810442880359,0.06376789922283277,0.05283672832876254,0.06510404491981636,0.05481290422654856,0.0571757955448704,0.04624351250835911,0.05414937922633135,0.06779620051164534,0.05715447837257379,0.01804479571837621,0.019481030480044542,0.07406908205192851,0.013440008612111306,0.012623197879175499,0.008412207997856035,0.011096019186555233,0.019447864894785876,minor
33,0.008183752559598759,0.06388229496504724,0.007942209591570474,0.11096080731442008,0.05314445084897066,0.008915832398866055,0.00911782871579462,0.004052727651329639,0.00615937107922837,0.004320432545098777,0.005265385549064123,0.008746686124587117,0.06072769504799832,0.05294080666353719,0.054844761513683206,0.07380992370757224,0.06788561300067768,0.04607225937045168,0.06265015565484608,0.06630814495871444,0.05453570896492761,0.017528031756645444,0.01914675664462137,0.0638101069841968,0.012278013469694706,0.011789350130032333,0.011060807418920356,0.014184533626252207,0.019735551743652456,minor
34,0.007741080061358797,0.07599966280472897,0.00905810412307758,0.0989768123658404,0.05871153344687827,0.00787401143321201,0.0064883095799863665,0.003997799806821581,0.007044935375497824,0.00586293895742757,0.0031217194389931177,0.0071095852245937645,0.05655544163782699,0.05208943051632312,0.06409121992041562,0.06027762754440055,0.06403200968621449,0.055022696261660294,0.055483693981121116,0.06521232524362068,0.06033296136396249,0.018070389106736737,0.028633261964358295,0.061345842121007604,0.013087202439627327,0.011125764277747172,0.008514796018978357,0.014520545528720948,0.019618299768861994,minor
35,0.008698044907500533,0.072109969675852,0.009630544794032119,0.10112015054808948,0.054283522554807166,0.011551421788288238,0.009379284958789607,0.006557577182375404,0.007186373084865929,0.005216015827251957,0.0034139492543510635,0.006707361260215456,0.06507855354032326,0.05555708329639263,0.06419567999436629,0.059314552060629494,0.06063969241050463,0.050997314530232325,0.05498826718196338,0.06310100631625981,0.06239665551319255,0.01679316380085854,0.02709987115732994,0.056192233885810024,0.010861837279743387,0.010614264508172162,0.010154295033870758,0.01040168654691325,0.025759627107018592,minor
36,0.007921354858078055,0.07935907665383221,0.009554916541413626,0.10628942367988087,0.059636527163007505,0.009722140204555986,0.007878090709214676,0.006130845436622115,0.006643261378254291,0.008957866639393528,0.0025027349927529085,0.00431082529353278,0.06642116801827629,0.05317900236955726,0.05867575246376692,0.05488026968136985,0.0653761582794852,0.05283629513422308,0.05074656327872275,0.059429996396472215,0.06022038650415441,0.01784183196553555,0.025098509460812636,0.05554529263772918,0.011454999107371706,0.011997148221461317,0.01226998457869927,0.015028093326183914,0.02009148502563987,minor
37,0.009999314681844241,0.07759889040463049,0.008938861754488521,0.11150034823653403,0.0626887542450122,0.007146183914313605,0.00807585464026003,0.0064377157533105885,0.007270526327733263,0.004499644378867686,0.002827981565067103,0.005007549566912895,0.058628023124271754,0.05217681308634932,0.05328064086635602,0.05366423097579717,0.06062442954871272,0.046705607645317795,0.059815506345251256,0.06464951362602667,0.06022904854122562,0.018588435387612144,0.022929159488699738,0.05951425253903093,0.010675340132000919,0.011250655307915507,0.00958680383396531,0.011498320582717752,0.03419159349977487,minor
38,0.008256834369469028,0.08579921117236326,0.008545215839404223,0.10629326208982835,0.0484790590916686,0.00966303321960746,0.008360743580379628,0.006479777441759251,0.0055380249891916426,0.006300785524400829,0.0036408024903338302,0.006958639740666689,0.05722806683499884,0.0524209419773103,0.05520737402522768,0.0578499027128887,0.06190481814910435,0.051923973500850214,0.058449712005558735,0.06668106833535732,0.0531748545471715,0.017185582986932367,0.02831746752748941,0.06309453770723952,0.01528093060172395,0.012832733920906133,0.009533377612879104,0.014226843432619646,0.020372424572669547,minor
39,0.007247199645666853,0.071157114398852,0.008718907934143694,0.09811626389623167,0.05584818000425386,0.009239477904254624,0.009275360087751911,0.006832847146686125,0.007023777748474424,0.004344176844083753,0.0027748459743486393,0.006104718218518318,0.06335197787007041,0.05058558874476412,0.06129666851109171,0.06505645507877321,0.06186585691785769,0.05544898118670173,0.056547424775710835,0.06396997680121938,0.05893667345060379,0.01803573937539561,0.026516779107390656,0.06948823522208944,0.01569807331485706,0.01086943931717862,0.008690531539679467,0.010407362435770983,0.016551366547579348,minor
40,0.00953816896850208,0.0886744725618289,0.008458507685060592,0.08872316807982823,0.035447629249491616,0.00826575446154442,0.009690277797219593,0.006155616160742028,0.006636080999746914,0.005452019064200348,0.0037439024565909884,0.0055809528780393575,0.0659020520815999,0.057607356713938164,0.06079396041654269,0.06473595065342194,0.06781708195857421,0.05108512789553282,0.06247250091882611,0.06349194498776728,0.05792258226933517,0.016876432538571417,0.02469614474001706,0.0541747957244243,0.011045335569907616,0.010730360893772594,0.01018139355900041,0.012131517567945527,0.031968911148027794,minor
41,0.007401024390143441,0.0814190455795823,0.009336942812212692,0.09344134045638344,0.05137196018947987,0.007776551072269642,0.009082760555226757,0.006584821448255297,0.00694894280983862,0.007391136204622633,0.003699260342776309,0.005539911255831901,0.06267827738635612,0.05227313879819256,0.06511314085444013,0.06516947373700456,0.0774817915269673,0.050764822923350716,0.056523150558087015,0.06990878728635987,0.05591479304607249,0.014646061156600373,0.017900313943205834,0.05854224345699758,0.012991391290644368,0.011902831075327254,0.009501529843277866,0.014160111968381768,0.014534444032111184,minor
42,0.0070628072338683534,0.08919693185340626,0.007847919655363023,0.09397809960512889,0.05367377465805178,0.010155188041359642,0.007737186443510242,0.006913900110735459,0.0064498620906384965,0.0049959655945912805,0.004901185031731736,0.007448814331102063,0.06223706900602659,0.05440153507963174,0.0590609181853861,0.06226905579333142,0.06635215677921448,0.05198284430014001,0.05570168601390709,0.06788705415014928,0.05815713973434811,0.01778168981195835,0.02031876922901673,0.05968000757838406,0.011801609462371564,0.009682052274518654,0.007751143140543373,0.01328432595086713,0.02128930886071812,minor
43,0.006502544199110326,0.10300610398490677,0.007640419269368562,0.09676189248731136,0.05553194496342663,0.012948152953548528,0.009000929717857415,0.005318893221318479,0.007981151168627243,0.005118206965927277,0.003601245286067775,0.008918925994350763,0.06379323352761528,0.050481881770583,0.06023505425973961,0.05975910824685178,0.0571498107932801,0.053186812771189494,0.05511777401064048,0.06778049056590432,0.05501125063752921,0.0164444881425005,0.019794948829088565,0.05876995322460677,0.012138067326199719,0.00923097519835362,0.01134893670887588,0.009895554729082389,0.017531249046138227,minor
44,0.008161286636910103,0.09303603600655269,0.009065175960547348,0.0825261978606498,0.04418097171282509,0.01066238860891802,0.009283817353424326,0.007670919828614589,0.007188634942395702,0.005844648588481706,0.0038525916345020055,0.0051858603711795875,0.06056381506398378,0.0515744842490883,0.06100465422386705,0.059957220366493556,0.06603678075626829,0.04837893092749294,0.06039940344156475,0.06496950266354844,0.058761848315887474,0.017092902853548454,0.028481961127770582,0.05689045461841305,0.010480622531586999,0.012210182377512507,0.009198839036430866,0.018072048231052892,0.029267819710489158,minor
45,0.007977481324617954,0.07738130826341547,0.0090276109183804,0.09692378321689617,0.05658010977762539,0.009797674159980684,0.011837028294037242,0.006672671102072075,0.007187039747308744,0.00497623953560879,0.0026414041206905365,0.007722838086456855,0.06788381641238378,0.057967861726601115,0.06119189752455364,0.06763743557113258,0.06460195502857521,0.04960686557241659,0.05802820044862106,0.06185121738752879,0.04809961604159518,0.013991537988724281,0.02203713993962148,0.06051957323053997,0.012972001166849826,0.012753609823859962,0.008667105755350143,0.010332137216609598,0.023132840617946616,minor
46,0.009119524260839593,0.08112377761401399,0.009438561217490126,0.1049556770655476,0.05989754859083417,0.009361319759187277,0.00826712283769053,0.006230892698665992,0.00617370823283372,0.0038012365896549797,0.0038797811897068168,0.004821338960575174,0.0583063992326016,0.052000957860853896,0.060333815702271976,0.0576686845620876,0.0598471574084485,0.05107171293435288,0.06143888561887938,0.07315738704768544,0.05727999149594351,0.01510806385820478,0.02162179284590604,0.05158981385801693,0.012336837040323978,0.01163831794429049,0.012648906551476869,0.012194046672624045,0.024686740348992268,minor
47,0.008281221258468802,0.07889871657145506,0.009810083289898207,0.09350553990059586,0.0526025599389432,0.012236306914987262,0.009654814885035433,0.006366051588408235,0.006907187867900479,0.006503422370120392,0.004342126762351254,0.006760349380719907,0.06463289849022708,0.049944932064555046,0.06705182364352531,0.06231463898908547,0.06701245620353763,0.04954167998341022,0.05839549075571585,0.06243112421551687,0.0589694969618452,0.01707705491423697,0.021159961620943007,0.0554429231818906,0.012865542045490761,0.009843489877097131,0.008716137206911998,0.009856965293394221,0.02887500382373259,minor
48,0.006825973763394845,0.07324640396960211,0.010632496661697412,0.09919303644169586,0.05075460744983456,0.00833462937929985,0.009499056218079432,0.005683359552903482,0.0070098072775115075,0.005051033124318121,0.0030685777726270715,0.0036766544450410957,0.06080024291146732,0.05798910241976101,0.06148594930317649,0.06433845421656653,0.0633803845651644,0.053676124756676886,0.058269695605343175,0.06624405392903362,0.05965462121917203,0.01842868540337456,0.014521519031110897,0.06084654435489279,0.012589232289340991,0.010741444807142331,0.00939732161844235,0.01312845962311723,0.03153252789021214,minor
49,0.007950760059293016,0.07309367754595773,0.009000312526801432,0.10921962851991027,0.05621694673314333,0.01151341991456709,0.008739361821152257,0.00666873922580805,0.0053162587097616175,0.006433777925879576,0.0028619278890595914,0.006651395095476899,0.05538912223590692,0.05030356619439032,0.06162983691168811,0.06690549923633737,0.06980451121655334,0.054325788886532674,0.059615765905872566,0.0700959304964466,0.05151683409162743,0.015234760746908669,0.01648060854370121,0.06302150410902202,0.012993793795254682,0.011797780647067444,0.00792576556733964,0.012107282816642908,0.01718544263189735,minor
0,0.007974370310758459,0.07188819773363357,0.01106379054346874,0.10141822801989876,0.047032083202918656,0.009532934113297654,0.008903985096879046,0.009545497605237933,0.005696816373608125,0.006526698045924729,0.0018988421133502443,0.004332619854157378,0.06326672328194662,0.058352407797706514,0.06826494870234562,0.060589297617156,0.05621137646846275,0.053474695093385725,0.05471739051468981,0.0592497566404105,0.06312081176378077,0.01936932381011145,0.02402363694301852,0.05850686121890458,0.011058326037958085,0.010579654329420301,0.009144983424660505,0.013762674705433388,0.03049306863747558,important
1,0.006702289712724584,0.05857968085885595,0.008317049985662048,0.10187494549336318,0.05375338548958671,0.008732342310509351,0.011317632724774894,0.008928086813517477,0.004223656605950035,0.00928326499648364,0.004053620255713499,0.003695618005051996,0.06760525565424104,0.05350742687055114,0.05036163537606876,0.06106597132307811,0.05821997107378266,0.048101979853495104,0.059210563266111835,0.06348723555531374,0.08081047280982663,0.03069251227293146,0.025749950929738193,0.04871672197270317,0.010999623908991065,0.01281762767513513,0.008070836717706387,0.013508641948610412,0.02761199953952149,important
2,0.007007816707108186,0.08003708019847205,0.00996796160483437,0.09449946413322374,0.05115469161799429,0.007233261742356794,0.00895603798477225,0.007852483210000828,0.004979374652993005,0.005286624236454378,0.003062298039365135,0.004964672981053571,0.06396088928301598,0.06377081604365167,0.06335969128175656,0.05658294161410048,0.05846366492900548,0.054913659384269696,0.05689977748540032,0.06076446481634076,0.0691120205029003,0.026534551844939157,0.023147268625782546,0.05227349419726159,0.00952060738459382,0.012912444667773219,0.007933309589653562,0.01321030081602487,0.02163833042490151,important
3,0.005674363742119146,0.073888580643723,0.009819940408893005,0.09925688135098835,0.043893320210853556,0.00804723999105765,0.008709765487284835,0.007630623040419012,0.004803603287844794,0.0051831028699557795,0.0033081473084285323,0.00401557716542476,0.05801834863609453,0.05581406694887569,0.06435719357498601,0.05441543094346658,0.06115335750955667,0.05372953580720136,0.06192868628589362,0.06504516439151962,0.07979550567953159,0.023215223868597302,0.021384854544049203,0.06135253261316317,0.009001403929635707,0.01058379291902009,0.009254336617349207,0.010250073209887058,0.026469347014180192,important
4,0.006463255327080665,0.06901977877580855,0.009734386528430209,0.09422538808329756,0.0524500627582445,0.010314724527612236,0.008207748913012392,0.006932526792443493,0.005095925369826494,0.005267356917973037,0.0036019333748181317,0.004625467942343817,0.062356630697269586,0.05920090152635377,0.06387308705620537,0.05667886773114198,0.0648903960825734,0.05485383425254145,0.05723683204748652,0.05835097484514593,0.07072740552560933,0.020028799704266628,0.020676033447025798,0.058186414359229596,0.014822049339382727,0.011796783329191533,0.008637638384351661,0.012312391130975537,0.029432405230358272,important
5,0.009663932805182468,0.07310742402386641,0.009009857173917092,0.0897642573035472,0.04432899449574743,0.011456023099414145,0.008467614236488646,0.007657348909479779,0.005249637160048286,0.004320823378692107,0.0031033000868786135,0.004933539652825295,0.06999106866039133,0.05595415637609131,0.057844594680429434,0.06083830250907301,0.05616853750915611,0.05253139408012932,0.05871169944190007,0.07291096169333848,0.06696732188099629,0.02075224528786333,0.016951310226422985,0.06040917065485313,0.010174630855828343,0.012155557530696325,0.009767544068300658,0.013990537447112775,0.03281821477132964,important
6,0.008605418943035298,0.07415970537467376,0.011345218249551713,0.08996715001032546,0.048635574998545164,0.00901754379113392,0.008906326503690259,0.006729116653009339,0.005239954915326574,0.00689259494717616,0.0012765782800942742,0.005366029692971542,0.061148247253792476,0.05529122998413713,0.061724163080412814,0.06138988184083059,0.05836644138492698,0.056151417687135656,0.059522391343214735,0.06675056009001161,0.06992362166246556,0.022121626339242726,0.01495919248157599,0.05915887924507651,0.008422878120747214,0.012926451282442315,0.008181016937296203,0.01390056101265009,0.03392022789450779,important
7,0.006605396507104,0.0682253567540195,0.010463850216831284,0.09462381378730984,0.04843795004154066,0.00823128655412715,0.0069876620741378135,0.008442974423965417,0.00447149479704489,0.0055083000644923765,0.002750653439599685,0.004774966098157227,0.06177830440996184,0.053074195664401386,0.06539866001625216,0.05551131296690496,0.05992167727648407,0.05324858226949392,0.06004188893630143,0.06116205949427625,0.07736236507854137,0.02463436069188871,0.021077741722179178,0.06097167357747008,0.011036585934534387,0.014663607949676529,0.00827726291049996,0.015205754990263937,0.02711026135254003,important
8,0.007706532540223121,0.06320899648686978,0.011042200499721084,0.09615113577016793,0.0413112267515708,0.011374641164286792,0.008746842688099936,0.010669009369644782,0.005855854822137311,0.006754751652253744,0.003489851841304092,0.0033727714734098956,0.0616049269037419,0.05573658399907499,0.060518437111166515,0.05664132860473174,0.06008378291532366,0.051289932909430395,0.05565037534891367,0.05686227343319931,0.07007224402363375,0.01996774797995482,0.03786963872616534,0.06120778008541493,0.011924032351757674,0.011719715463194018,0.008934039565094762,0.01849200876348303,0.0317413367560303,important
9,0.008760059723676114,0.06771498027111084,0.008396252727921147,0.10439926441193884,0.046953586350184845,0.011003871122001827,0.008135925841001687,0.00794399423668574,0.005215058633967024,0.0068309103072972535,0.001660902786810231,0.0046638347855013,0.06339472470011337,0.05331572275530187,0.05907017168201601,0.053918542395602495,0.05708233985366762,0.05421597139586787,0.05973198869626127,0.06684683012802285,0.06648571960903267,0.019730646067709138,0.018372869937891313,0.06290151199426348,0.007836583092102776,0.01091516815715586,0.007115824526625634,0.014672822106753162,0.04271392170351588,important
10,0.007555977288210678,0.07514353758377444,0.010440338130243525,0.09951069621442221,0.048196202164377894,0.007965035113427369,0.008754432503690386,0.00783041406005773,0.005699281708453724,0.004037611598354001,0.002211581374134916,0.0035545636024781895,0.06352098346444243,0.06498428058469893,0.06162420497204343,0.058540566416250425,0.059770998688121406,0.04985342071529095,0.05791835807083205,0.06585051197619578,0.07071917797779574,0.021966124776428734,0.016394772896205785,0.0542835120414423,0.009498542495750363,0.010806486587338788,0.009822907421795219,0.016682957966557284,0.026862521607185455,important
11,0.0069082639791566034,0.07855496603350087,0.009217757957214825,0.103814197692964,0.049551569562890745,0.008434635490263185,0.008169748074791006,0.007658582669941583,0.005708942164633658,0.006803348831855502,0.001964135884186809,0.004358668705054118,0.06055738192604563,0.05649007379739274,0.05868596738631652,0.05728556118058932,0.055930783948831664,0.052393270811426806,0.061166713751570116,0.05803097937760461,0.0656683377907749,0.01889561045140125,0.018701682444989837,0.05500746871852724,0.013261189923946527,0.012188736554449435,0.010487902717252933,0.015589274154009842,0.03851424801841789,important
12,0.009185963901343724,0.07583406393153187,0.009644961107212987,0.09341173224249494,0.047341702593770414,0.009637001554919167,0.007949899894410303,0.007709335104902173,0.005254150785898495,0.0035352758733627437,0.00266167979098975,0.0041618096894191214,0.056519851001942525,0.05841148216282818,0.06478078832789774,0.054362093920283315,0.054672430748124806,0.058159026233829084,0.0695266165400915,0.06470485949043972,0.06735083921847922,0.018333159129656742,0.020851950196051874,0.0469733608882136,0.008687978180123018,0.015849211207409012,0.009148202143849305,0.022218582621607978,0.03312199151891672,important
13,0.0064901133331850035,0.06844033430128679,0.009610201434889136,0.08802073485207533,0.04313965890470605,0.007548110710976201,0.00869046019059324,0.006964697866302185,0.004937698373479374,0.005154200220951139,0.0023382439388641334,0.004234323623824974,0.061143692948160376,0.05521616577841475,0.06726799489771863,0.06252102981642321,0.060887847811403134,0.05298853556354647,0.05514670632846031,0.06427930265128719,0.07626693047876655,0.02933846883613524,0.02208203425814538,0.05705653757212215,0.012029731642021407,0.013013644825451337,0.00921421303936416,0.01405335818086945,0.03192502762057664,important
14,0.008995246950909688,0.07535361815601008,0.010821980757890488,0.09654920918351013,0.050088250839813185,0.01015662186643616,0.009109377779273214,0.007734278135602072,0.0050284599373194095,0.006610714803534581,0.0019388071249534149,0.004309861020575207,0.05321294093253832,0.05232416730485055,0.06093322943252654,0.05172566995625742,0.05765853807750754,0.05672227972444085,0.06314314373338993,0.055716962498372546,0.07523474940892516,0.021744997205270084,0.024507988387965106,0.06161754367085102,0.01093549643341708,0.015900209999210827,0.0072005047130013575,0.014178262366902868,0.03054688959874525,important
